3656
15453
216597
419111
719513
899277
1117048
1161554
1411212
1466778
1577762
1651174
1703560
1709419
1713688
1788188
1937748
2038463
2058278
2159097
2166684
2210606
2404328
2416822
2467770
2582135
2635716
2710017
2752278
2850042
2954357
3046070
3197672
3260259
3334275
3338013
3405786
3494419
3558916
3597038
3756290
4153407
4244838
4352596
4416835
4429504
4755172
5080322
5094844
5100045
5298431
5338508
5467437
5479033
5650614
5787457
5817828
5914529
5951505
6004172
6193850
6374737
6451107
6920909
7031061
7154886
7222356
7275735
7322989
7359726
7414629
7649957
7672654
7691835
7757394
7758564
7913828
7964886
8031186
8073550
8283478
8572012
8572540
8593376
8611263
8632931
8788858
8797299
8826747
8997064
9409376
9554812
9765769
9799782
9822607
9894701
9938844
9986401
10055757
10083858
10124752
10177938
10182154
10274358
10288098
10374404
10375164
10512564
10582319
10701825
10727737
10885322
10938000
11016383
11028469
11207857
11231563
11414020
11439945
11498178
11534197
11579498
11798005
11837831
11845333
11886831
11943476
12000142
12104469
12247521
12252818
12266158
12332627
12451927
12501323
12579082
12972314
13051523
13142749
13181100
13540591
13886627
13976561
13980311
13986061
14016355
14160876
14296388
14437536
14579227
14687402
14727244
14765989
15039840
15190744
15347298
15373880
15465616
15479415
15515559
15774300
15859589
15865958
15895004
15965250
15984321
16046797
16065872
16570270
16723317
16765551
16797758
16822223
16969271
16984322
17160452
17335465
17541849
17737146
17780668
17985590
18112020
18157054
18165310
18226560
18260778
18429437
18704427
18976170
18988879
19029723
19296524
19392139
19425383
19521901
19571483
19603337
19614309
19657385
19841636
19875361
19900118
20041401
20068746
20072366
20189834
20248416
20327483
20415948
20443070
20582364
20598028
20710683
20809891
20849344
20935909
21238451
21256618
21268043
21511857
21560576
21667268
21730356
21806512
21989496
22143340
22146398
22247440
22255554
22343707
22569233
23017041
23063882
23089520
23150272
23179977
23237700
23632802
23709967
23796937
23890959
23914349
23987290
24001277
24067789
24094389
24114930
24239806
24325127
24550693
24784437
24905066
25116055
25165630
25355320
25378795
25521398
25566263
25612823
25686006
25701218
25778904
25781999
26163712
26550424
26622010
26674152
26782108
26886325
27082339
27173750
27182629
27187011
27244811
27314131
27356780
27368650
27381142
27605277
27651389
27868716
27942424
28030357
28271532
28473991
28516000
28669941
28785374
28857853
28946934
29152099
29229446
29249400
29320950
29352426
29380614
29474381
29476070
29519129
29582934
29677061
29678102
29727770
29780642
29785031
29858766
30180339
30324195
30340944
30356405
30385531
30694226
30796074
30820130
30873905
31588691
31656675
31696751
31717377
31793367
31832219
31891077
32171327
32555105
32576040
32594219
32806271
32858319
32935372
32997464
33193081
33404995
33454906
33569413
33712975
34052662
34160097
34181908
34183818
34368874
34438540
34491420
34867406
34911906
34914466
34932574
35025369
35037629
35327508
35450417
35715616
35885397
35918219
35945879
35959401
36010897
36052495
36143091
36178425
36297053
36445033
36531073
36531983
36630946
36747795
37232372
37285201
37494598
37513110
37602168
37664479
37682925
37760163
37801275
37807715
37810163
37909693
37913824
38091792
38280184
38517345
38532108
38755928
38866238
39036405
39110687
39181696
39205335
39414154
39449152
39797763
39842338
39935035
39939776
40102589
40169995
40178956
40185966
40303230
40311537
40340777
40596756
40763277
40817852
40825494
41087729
41188911
41197249
41286354
41680065
41816611
41858065
41944546
42115204
42172485
42270859
42288027
42370858
42437930
42609150
42741052
42805263
42886253
42894874
42929728
42944854
43083039
43220746
43245541
43357486
43360283
43461239
43473638
43571867
43629626
43724969
43738495
43776063
43875024
43883636
43948497
44049449
44053645
44246984
44553467
44765029
44765080
44899705
45001786
45122811
45157352
45355997
45566930
45654703
45728224
45835473
45925358
46153845
46195368
46258401
46276475
46303325
46317627
46350420
46369164
46401890
46528748
46561081
46725431
46818809
46850001
46872880
46875793
46983190
47006257
47046904
47048725
47135570
47146760
47164303
47309880
47347610
47472090
47593056
47782565
47787111
47948911
47967414
48103413
48155433
48235097
48261684
48366427
48553330
48567799
48610434
48642497
48832420
48941350
49008003
49019228
49057758
49175920
49321078
49578769
49598442
49654622
49654630
49683456
49740320
49764191
49834353
50049139
50157402
50187259
50319548
50373721
50412375
50482389
50529846
50621665
50622677
50802615
50806706
50828444
50865946
51277618
51445640
51566343
51582468
51619206
51716837
51766997
51804059
51905754
51954600
52031843
52200455
52426010
52615181
52662255
52893869
52908833
53002013
53059209
53111468
53181532
53296802
53390852
53526230
53663586
53674457
53999061
54250156
54259257
54343763
54577308
54629685
54738377
54771768
54811799
54928736
54943066
54954575
55201142
55325508
55359200
55509188
55511529
55597902
55627975
55642796
55675526
55771819
55921701
55926343
55988915
56129574
56141150
56143448
56144743
56384202
56458752
56866034
56912273
57052963
57243771
57403686
57557176
57603739
57692716
57813768
57867970
57885567
58073581
58081128
58095475
58169023
58192212
58238508
58243785
58304532
58386901
58428769
58533153
58555403
58723326
58830665
59071541
59397003
59407619
59425967
59442115
59481688
59505114
59506290
59563191
59573614
59664793
59749485
59943037
59953966
60269337
60289392
60418019
60493161
60579093
60621310
60848253
60916122
61054474
61194576
61294028
61350463
61558598
61574454
61627763
61660856
61739191
61859704
62086064
62218497
62383438
62560163
62601426
62652094
62652189
62786612
62908836
63017744
63157765
63263667
63274744
63313645
63353842
63365911
63734140
63799534
63813644
63816928
63895697
63984996
64135319
64269457
64281333
64308620
64507016
64543529
64684723
64844008
64847365
64976108
65211683
65300261
65462436
65506730
65648487
66048009
66173335
66203764
66206495
66356895
66392319
66863611
66914050
66921862
66972007
67087851
67102039
67222798
67233431
67369907
67530235
67622931
67691088
67710950
67789582
68000333
68027911
68176233
68227594
68398537
68415585
68483474
68573371
68621547
68694856
68739222
68926391
68983405
69110453
69366287
69476015
69626690
70051669
70076625
70359913
70408823
70472343
70487539
70492143
70528134
70650484
70668165
70736084
70827989
70832529
70835456
70911091
71011196
71039216
71533598
71768845
71776828
71779992
71834056
71972706
72010167
72012663
72124616
72177965
72391690
72403390
72485936
72661256
72771715
72784090
72798954
73073117
73120763
73259969
73446211
73512486
73679839
73742938
73963450
74058949
74173648
74219156
74667399
74682290
74916341
75248716
75292107
75354755
75399173
75766073
75978472
76249821
76275505
76396143
76481617
76482538
76487640
76719457
76806070
76841525
76854121
77197620
77239410
77257972
77309634
77379406
77779014
77857810
77951975
78018715
78045238
78142161
78147068
78228900
78271631
78285876
78609099
78810110
79259449
79266860
79309984
79424574
79657512
79729492
79735145
79830206
79881910
79883157
79888583
80004432
80012786
80062255
80133847
80274377
80361070
80400510
80431752
80963827
81077798
81079712
81104665
81224851
81316576
81538252
81554286
81736638
81752299
81809010
81853045
82199978
82251709
82253496
82622496
82744930
82894670
83122166
83415454
83635211
83746387
83912921
84337438
84361708
84411757
84539128
84557137
84596910
84741138
84759328
84768947
84803235
84825791
84869999
84881517
85043793
85051148
85078448
85161710
85194039
85228275
85310466
85774401
85806061
86021570
86045935
86155324
86473346
86501926
86706946
86766985
86841804
86959093
87216250
87322629
87540205
87573180
87761143
87797014
87998081
88265940
88395848
88479126
88680837
88855257
88862274
88877612
88916888
88921439
88959026
89087840
89208319
89407374
89424265
89438144
89486858
89547101
89878464
89894659
90098859
90276716
90428427
90561654
90570574
90612327
90895813
90895912
90935872
91033899
91074034
91074996
91300079
91523811
91644843
91894999
92001783
92098297
92162419
92207176
92218939
92244371
92251832
92253860
92272160
92313490
92381078
92468533
92484469
92682738
92886447
92962060
92985572
93067504
93175416
93354572
93474885
94112496
94131159
94152296
94242336
94267981
94271478
94301464
94732850
95021445
95080391
95198495
95386155
95416291
95607101
95722344
95803459
95864003
95957538
96007730
96057068
96270559
96363343
96398502
96526667
96685920
96814630
97115637
97154457
97287698
97308770
97673776
97747314
97830082
98025224
98203603
98318693
98491678
98535136
98555807
98675023
98709634
98781960
98827649
98910467
98956426
98980639
98994527
99154472
99174518
99242456
99284409
99306047
99382777
99437305
99993134
100268519
100290708
100353278
100368082
100393031
100443185
100534749
100641700
100686900
100815491
100980097
101219549
101247876
101264886
101345234
101362139
101473731
101524368
101569230
101653380
101719642
101929898
102221994
102260616
102331700
102336814
102448369
102472287
102640078
102714407
102740635
102817205
102879246
102905284
102937332
102950917
103083635
103147642
103163900
103217504
103233568
103313488
103343026
103374016
103466341
103605521
103746160
103826295
103860068
103869848
104118459
104172433
104195432
104256995
104288439
104360176
104414526
104422397
104446423
104543257
104579119
104609524
104687567
104959115
104984537
105070621
105128510
105178532
105187728
105207037
105237392
105327590
105658161
105678804
105752129
105842763
106368140
106369894
106510400
106593165
106617154
106636952
106653761
106811819
106837872
106867829
106926259
107111524
107143236
107143998
107201839
107299940
107381060
107585913
107622755
107638178
107973967
108273026
108457100
108460769
108482832
108526056
108627523
108722266
108770311
108806604
109043727
109086863
109251310
109283952
109392817
109455662
109873950
109891862
109903939
109948554
109973089
110075426
110220187
110256491
110277460
110297632
110319964
110347930
110349117
110401773
110667302
110835017
110924318
110946936
110962431
111036261
111125054
111172595
111385622
111467007
111551847
111582324
111592482
111751811
111752847
111841284
111923138
112053238
112095469
112291117
112329939
112366336
112367257
112399680
112538051
112673418
112724920
112806818
112934043
112970887
112993632
113120076
113214646
113235188
113319627
113323810
113466138
113499067
113660107
113712953
113822776
113930781
113992524
114125051
114195093
114271345
114386301
114405334
114454807
114464663
114729748
114982469
115013831
115293299
115322298
115346375
115483982
115551348
115735117
115769390
115860481
115867020
115885269
115957703
115987668
116021989
116292488
116292518
116538973
116571992
116887852
116897580
117204717
117260866
117358868
117440866
117935079
117959862
117962440
117963248
118023294
118041888
118070672
118107700
118170894
118180372
118204116
118318905
118332897
118455029
118554150
118624175
118672890
118735007
118904188
118923279
118968093
119016066
119083512
119277424
119298041
119320691
119426544
119457161
119730207
119758895
119828507
119870739
119941036
120010908
120071925
120253150
120332286
120530205
120628444
120642829
120688190
120730785
120856195
120999063
121110638
121250249
121263661
121505350
121590809
121630380
121632394
121733164
121835398
122025449
122059129
122092276
122123914
122273119
122465722
122476299
122489725
122668017
122709568
122754828
122845505
122863059
122875538
122893699
123123033
123551691
123668560
123854995
123917728
123958181
123983843
124052821
124329280
124384835
124408300
124442957
124737610
124858443
125032321
125164113
125308631
125410476
125487530
125659284
125722531
125797702
126027623
126072508
126171967
126255812
126368041
126376602
126665780
126670023
126791340
126793238
126902147
126915269
126919277
126957583
127012201
127078175
127202336
127270409
127277925
127345820
127504449
127795338
127873440
127888986
127963165
128057829
128291008
128345758
128366980
128473181
128479365
128495841
128519297
128609915
128613619
128732894
128738899
128839899
128862737
128869196
128893463
128904747
129050526
129153057
129332495
129347646
129353003
129376382
129495846
129546880
129594125
129610087
129828426
129891221
129915050
130006216
130025258
130143227
130199360
130289105
130323963
130351338
130442137
130540048
130674519
130744599
130758008
130778650
130880581
130934016
131044999
131106623
131230853
131257358
131266725
131370801
131499137
131586552
131862219
131882835
131953672
132245196
132275206
132331531
132377014
132434804
132443014
132608489
132724579
132750665
132840975
133303441
133539037
133867746
134119243
134228212
134315833
134525218
134585873
134671071
134672794
134749168
135073578
135150105
135262686
135323078
135440256
135683370
135731140
135742869
135747458
135791013
135806973
135893750
135976037
136058288
136094889
136156833
136194732
136240524
136493745
136674587
136737765
137063231
137307992
137370098
137606400
137823941
137904963
138018719
138026651
138072706
138150836
138292056
138339646
138480150
138567181
138575499
138587813
138755355
138863836
138908223
138951306
139044662
139255374
139401793
139424583
139552147
139614234
139941786
140452003
140689738
140742700
140776579
141094341
141243115
141308630
141334672
141362306
141364010
141373570
141496413
141638187
141830505
142353311
142383566
142614684
142806763
142894971
143072728
143178258
143208271
143388037
143399544
143502100
143505084
143522577
143596321
143721856
143873727
143891985
143983700
144009297
144034894
144049654
144057123
144257243
144325282
144426747
144443351
144472478
144485382
144702450
145014105
145081283
145127087
145209596
145390967
145393640
145628265
145673070
145678134
145688447
145815200
145901091
146053044
146080532
146229577
146458139
146502411
146542995
146709101
146716697
146782756
146840377
146841954
146900249
146907514
147290018
147352574
147503819
147556511
147599034
147642687
147654991
147739474
147782425
147871840
148019247
148280492
148312640
148334310
148418151
148506140
148560991
148562494
149192186
149227966
149248811
149459288
149586351
149680872
149723311
149883035
149910693
150012184
150051147
150135234
150188599
150430163
150536291
150592050
150729100
150788377
150863082
150972655
151466392
151613044
151759563
151954798
151997155
152086142
152547692
152814323
153001905
153116859
153120947
153234618
153570451
153678417
153688790
153832588
153928203
154010452
154333754
154349257
154378541
154441766
154603145
154655665
154924459
155033534
155112234
155128900
155130410
155271553
155289952
155300604
155407256
155431525
155470355
155569064
155597902
155658551
155726729
155827302
155914542
156117795
156195537
156196292
156253320
156267982
156336964
156351409
156473022
156569703
156589078
156682062
156736722
156737440
156802733
157184514
157228234
157483924
157555187
157614214
157853491
157968880
157987448
158105148
158267233
158385030
158590956
158679972
158715980
158823013
158950281
159055087
159102895
159209927
159362290
159387210
159542335
159574393
159609614
159627239
159856862
159974547
160208575
160463624
161118503
161119057
161177517
161233342
161647100
161737569
161764428
161803466
162046238
162063843
162191283
162271615
162333837
162505733
162513210
162552195
162563151
162612720
162634913
162725371
162970409
163023575
163199053
163262116
163345511
163404385
163556081
163738468
163782417
163952237
164038985
164052058
164243046
164262739
164442798
164451867
164479325
164656243
164948505
165118938
165164626
165171687
165197488
165242507
165306973
165466778
165471094
165593517
165628135
165755870
165834704
165889986
165972076
166072337
166575823
166650934
166675466
166808347
166963763
166993084
167011616
167331892
167474596
167638143
167745259
168134839
168143104
168192453
168354862
168481131
168604184
168720489
168791807
168849537
168884239
168902005
168960381
168988014
169004522
169009249
169135441
169265618
169330125
169427530
169454547
169489489
169901582
169914604
170121845
170128453
170135048
170230151
170308756
170396587
170540565
170581376
170970451
171045147
171075778
171113765
171219395
171251560
171482768
171491160
171513128
171588666
171600429
172121202
172161893
172189297
172287403
172344433
172435599
172498008
172535035
172569637
172704567
172824735
173123392
173203485
173249556
173308953
173567111
173665457
173684385
173746039
173783609
173863189
173877024
174046246
174185532
174354084
174424594
174642290
174795755
174837668
174925187
175039398
175079061
175114205
175121048
175200289
175248529
175315570
175329012
175338865
175374094
175495532
175496242
175800527
175985439
176235325
176269808
176335804
176451206
176496125
176816473
177028907
177253696
177271816
177361759
177595060
177606648
177660968
177826404
177942801
177990976
178103527
178169301
178255243
178412186
178441805
178525418
178680190
178809553
178810544
178840702
178938448
179015260
179063117
179147230
179163540
179220813
179282584
179400416
179564362
179586310
179596497
179608814
179865375
179900378
179946900
180060416
180203827
180321876
180378132
180537013
180586879
180714077
180822920
181185934
181268556
181372780
181412401
181449202
181735549
181744871
181745826
181834684
181849016
181941651
182026918
182065430
182125548
182188344
182368021
182371710
182545893
182608932
182643427
182982404
183068323
183139225
183280712
183405958
183416946
183664254
183804298
183881153
183925264
183947085
183957767
184032102
184075281
184126763
184802040
184872674
184960770
185031056
185131092
185314404
185423031
185515115
185821326
185875275
185915545
186010289
186100741
186163660
186222536
186376357
186425259
186541078
186564522
186617954
186765600
186929759
187003621
187008644
187295555
187377589
187456827
187599798
187728996
187805193
187823928
187930109
187949887
187995145
188050940
188158051
188424254
188466475
188557393
188629239
188635075
188920110
188979068
189059831
189173961
189185586
189198757
189201253
189359426
189427558
189610599
189886237
190358490
190732118
190819853
190835209
190865669
190940760
190990476
191002211
191045058
191153450
191261301
191263772
191352036
191363926
191412015
191631108
191632235
191635914
191684347
191869520
192014458
192172166
192298945
192387465
192775939
193064775
193297442
193342573
193378606
193432126
193457139
193820633
193825239
193885609
193950414
194009372
194058198
194214232
194236100
194269395
194524244
194545202
194822604
194840887
195302311
195687016
195737971
195942432
196009748
196127939
196283983
196393441
196641293
196692020
196713730
196728544
196826625
196914608
197005328
197181255
197204032
197299992
197330652
197457892
197519069
197641294
197671852
197673483
197807144
197906889
198013110
198046712
198074062
198124705
198166398
198234328
198397386
198428128
198665407
198760658
198781721
199210305
199389557
199401391
199489492
199512958
199756344
199853166
199929715
199959008
200114017
200283464
200289385
200295667
200427386
200445896
200800500
200992556
201083199
201139252
201298601
201387053
201431189
201442096
201450071
201560540
201618257
201851713
201927961
202017650
202079433
202124098
202184769
202210769
202236179
202404957
202413840
202490512
202545190
202552488
202607213
202628986
202749001
202903186
202915922
202961345
203237259
203260610
203389308
203667432
203819850
203942235
203998809
204003491
204116577
204182461
204197820
204294446
204328396
204409753
204548649
204630113
204704077
204810678
205124380
205162764
205550823
205749531
205786785
205790113
205797737
205850804
205947591
206030240
206239016
206390384
206644872
206666475
206764040
206791641
206982092
207005641
207015519
207030690
207053724
207284052
207316956
207786862
207790166
207876025
207946276
208014865
208041951
208138007
208139302
208177501
208202457
208428881
208544176
208559882
208627531
208918341
208994404
209444575
209559871
209665541
209679501
209864058
209886292
210173387
210205721
210389156
210389564
210416963
210421076
210425905
210649849
210764489
210829021
210959741
210966066
211102370
211180757
211245292
211380073
211406836
211723574
211822539
211999173
212040795
212161083
212598190
212688463
212727831
212775367
212791408
213004641
213087615
213212802
213233054
213320716
213385790
213455346
213487483
213513018
213775251
213810835
213994517
214238737
214359760
214403493
214418247
214432307
214589218
214708888
214826639
214970257
215125618
215130690
215226221
215331787
215354828
215475136
215509277
215599342
215680447
215692468
215794277
215924493
216091865
216241498
216256641
216277969
216293238
216371349
216399257
216405196
216506892
216574277
217041296
217202392
217218463
217311200
217339131
217406862
217568219
217604158
217699837
217707754
217737000
217763809
217797989
217804237
217804578
217958691
217967296
217987306
218000951
218039174
218299075
218588379
218754888
218998239
219292124
219326823
219363664
219606913
219683206
219727323
220245698
220338125
220339192
220500282
220693404
220730997
220747319
220851891
220890284
221046648
221133943
221152565
221205524
221249368
221295219
221544612
221582336
221685689
221859311
222067041
222098722
222121826
222137101
222329266
222421780
222642257
222674830
222749752
222805772
222838618
223058983
223071633
223163251
223297498
223465629
223638739
223695481
223728191
223761825
223768724
223889798
223979792
224049276
224195940
224311691
224514594
224897368
224933103
224947340
224978974
225088750
225201503
225256498
225317029
225453278
225573630
225575626
225583658
225598361
225680536
225792115
225894066
225992064
225998819
226150646
226251696
226322428
226416688
226594203
226613230
226657399
226926962
227024896
227294481
227319351
227324365
227439251
227934603
227949012
227954795
227957295
228296221
228415996
228434242
228916559
228961189
229249563
229256704
229258663
229590029
229633492
229638670
229775412
229789666
229790445
229835290
229847202
229875121
229888321
230188190
230201422
230365077
230411785
230443390
230637221
230756523
230762296
230785378
230986743
231023042
231099878
231118298
231121034
231286604
231352448
231452733
231483329
231485046
231569470
231659225
231674656
232054017
232066071
232122253
232245308
232322614
232434638
232447193
232544224
232664672
232679848
232681371
232864224
232875908
232879667
233014521
233245472
233323928
233410058
233419244
233531842
233565655
233692277
233978546
234165056
234229520
234362693
234649159
234695566
234740428
234788582
234834810
234835179
234837462
234946415
234991565
235004787
235187738
235398048
235414191
235558410
235676584
235772730
236139403
236201994
236223771
236230735
236299314
236347387
236389597
236692751
236793899
236853731
236918949
237056704
237146331
237252701
237275002
237362835
237410454
237496343
237698914
237816048
237914562
237981103
237984982
238038964
238103886
238142786
238177269
238324174
238425940
238479128
238528749
238564754
238691263
238804980
238920052
239318478
239418108
239524273
239864132
240101600
240120662
240253100
240258892
240317006
240490252
240591663
240603341
240981575
240997583
241191405
241225329
241294408
241337806
241344672
241577535
241695398
241808082
241808639
241870629
241896681
242021532
242314878
242352289
242354087
242514193
242539437
242639867
242643657
242850723
242851623
242944041
243031173
243174303
243300717
243306795
243403554
243444321
243473311
243718975
243733993
243778521
243886685
244068971
244237361
244289989
244291894
244329675
244343422
244397672
244438582
244603778
244770285
244998289
245299381
245333831
245639186
245640229
245649067
245703936
245721524
245879775
245938966
246261623
246269518
246516414
246643018
246776336
246934065
247140438
247205750
247262768
247270885
247289803
247361321
247415364
247467374
247631806
247661744
247754902
247769714
247784124
247807632
247824913
247846044
248034349
248075109
248190199
249005790
249060948
249100592
249197591
249373299
249678437
249767086
249769752
250196765
250226246
250422365
250435747
250616932
250677528
250817431
250965707
251011987
251069105
251204766
251299703
251315294
251376099
251446908
251671822
251681241
252037149
252545609
252589784
252606511
252662567
252895353
252996113
253020546
253063902
253421252
253548016
253963080
254032296
254162223
254400021
254578124
254787556
254823436
255037959
255100756
255443822
255521789
255762011
255973213
255981346
256043477
256124703
256354070
256458272
256481765
256572823
256620261
256765725
256837809
256904505
257016958
257094667
257125843
257463929
257513190
257540846
257719455
257876780
257943326
258176422
258280580
258472509
258510710
259059935
259147795
259327508
259410380
259521383
259603151
259838713
259869533
259924345
259947837
259968333
260100856
260135710
260150394
260186473
260196859
260342479
260349237
260375269
260581204
260703933
260747631
260770995
260797283
261088217
261146247
261158848
261193246
261259918
261312726
261393213
261481109
261543305
261591755
261641575
261659824
261863286
261951214
261970269
262070606
262087282
262103391
262202042
262449581
262514076
262680940
262872894
263014101
263045721
263138801
263291309
263473337
263544763
263581052
263683919
263718737
263763785
263850689
263888211
264025672
264039202
264080912
264105258
264184138
264492376
264602507
264635554
264706747
264939663
265020281
265098084
265112339
265266172
265542959
265715361
265719585
265938311
266025051
266243596
266265218
266287436
266371876
266528244
266640581
266830910
266837077
266856935
266861231
266995705
266995777
267274285
267324594
267326108
267477651
267500687
267520596
267557157
267686547
267749919
267753158
267895615
267905065
267912557
268045325
268190217
268322762
268452293
268457243
268594710
268641770
268736963
268783271
268893215
269046800
269416679
269474635
269487822
269531517
269767506
269990863
270035546
270139526
270182587
270232310
270245002
270366215
270566084
270598450
270679997
270982943
271017028
271128458
271306053
271349205
271561081
271579755
271631218
271748869
271749853
271896843
272014700
272042170
272082214
272231613
272301886
272331500
272368370
272471174
272664361
272838182
273012447
273023384
273189114
273234742
273259245
273347629
273574921
273577749
273972557
273974551
274027177
274083831
274110352
274122418
274208630
274533089
274587689
274609676
274624550
274737606
274819129
274899743
275095680
275156560
275183464
275198814
275288435
275511810
275667779
275674514
275961680
275965222
276024335
276062380
276140179
276299246
276678181
276736848
276858612
276861828
276924866
277292977
277300604
277576785
277991061
278015887
278086953
278238958
278256248
278257270
278379851
278627856
278768131
278799371
278858083
279021278
279099699
279122981
279274506
279289178
279389988
279626163
279665301
279680970
279710994
279944295
280237808
280248444
280292344
280477350
280544120
280652374
280709576
280733357
280815918
281027125
281129468
281282657
281579114
281675060
281808576
281825611
281838750
282074190
282241516
282276484
282644643
282644734
282659778
282666047
282749118
282826115
283059134
283198917
283737268
283962187
284017870
284018312
284096803
284392074
284397172
284526780
284577498
284600398
284955747
284979141
285169291
285220732
285330376
285515530
285755770
285769037
285851504
285894462
286114586
286135912
286275039
286282429
286323057
286344592
286432417
286455309
286455483
286547846
286610674
286691581
286778146
286920138
287234100
287235341
287281104
287342329
287424760
287657317
287785322
287834851
287880923
288096917
288134388
288444027
288728102
289224817
289269682
289477073
289687517
289723006
289786245
289815218
289955385
289959281
289971140
290000354
290190212
290222141
290246835
290340991
290383979
290423209
290584979
290612084
290664477
290748983
290797584
291035244
291428953
291469154
291483053
291501441
291559006
291800977
291881850
292054390
292169944
292174135
292203204
292311118
292376051
292624783
292751728
292763440
292860681
293056858
293123486
293233650
293304445
293391626
293487927
293626964
293692599
293735059
293954256
294020225
294156350
294194972
294259001
294266922
294469819
294496532
294509963
294614143
294880434
295088540
295307310
295394931
295528379
295529788
295669832
295850961
296178246
296192352
296352160
296410651
296475746
296942351
296951911
297017695
297039751
297049539
297172313
297204286
297208666
297256643
297288887
297305326
297571147
297725987
297819127
297880584
297912049
298216470
298249935
298259956
298295383
298316306
298339250
298361287
298452861
298521267
298571426
298801189
299172097
299182121
299225119
299347709
299356627
299407678
299426853
299428674
299516352
299703624
299707810
299716779
300236398
300299371
300518788
300879785
300918502
300930944
300995494
301073400
301110052
301261911
301306691
301309315
301451656
301467769
301493707
301521110
301561251
301571831
301604755
301623538
302059223
302082885
302112951
302290207
302390997
302415767
302583063
302741247
303022589
303127167
303161806
303185109
303322928
303339607
303368433
303414238
303416707
303461271
303584386
303590384
303692678
303921122
304005446
304085922
304126869
304133866
304147915
304388101
304623645
304764653
304874570
304951012
305032597
305111535
305311543
305330290
305332766
305431309
305577344
305669272
305797411
305984985
306159149
306161138
306435096
306636542
306675191
307027789
307240688
307300201
307451746
307502172
307609960
307633548
307671652
307746638
307937976
308429571
308473652
308542075
308683949
309052195
309378562
309650677
309657447
309669068
309691261
309707016
309710140
309773693
310040770
310216268
310324418
310699199
310724692
310754340
310886425
311026397
311103970
311352764
311558859
311581406
311702089
311721962
311744563
311882888
312133770
312316420
312562176
312569532
312572981
312694781
312840083
312842021
312920669
312988826
313036711
313268937
313350074
313449337
313564468
313733704
313808338
313826582
313866080
313982274
313982901
314406583
314470233
314571667
314667725
314760951
314769000
314846772
314911178
314972043
315044843
315139205
315367042
315376395
315388070
315659890
315834332
315993580
316149777
316340642
316341013
316355322
316428616
316600986
316743956
316910315
317018955
317244585
317245776
317248417
317307832
317397830
317415708
317704124
317827249
317841958
317929518
318273041
318319111
318411204
318439123
318632212
318764594
318780643
318819028
318882394
318887463
318960075
318968496
318990988
319171426
319257158
319297235
319384364
319498245
319619192
319628521
319711305
319844537
320085682
320161355
320181500
320208357
320243804
320275767
320320041
320360757
320367088
320382272
320444825
320601322
320672238
320918914
321113881
321130867
321297128
321306463
321366841
321511175
321533826
321692394
321762496
322019923
322351179
322402823
322505746
322590370
322685338
322700346
322763243
322844969
322958702
322971223
323139100
323354811
323458151
323589288
323735847
323762653
323818086
323933820
324097577
324235914
324407991
324438619
324596108
324613887
324990358
325005335
325074590
325081674
325086913
325108096
325201403
325256433
325537551
325590355
325610476
325632102
325669997
325719136
325889723
326389943
326422210
326457051
326568479
326929596
326988115
327178502
327201709
327322831
327337342
327375588
327577565
327735105
327794824
327891561
327913902
328099424
328108203
328204327
328243176
328296831
328539443
328576435
328598702
328609002
328675755
328712491
328749252
328803183
328803446
328825963
328935383
328966293
329084366
329156560
329241860
329258893
329358028
329394145
329414612
329538654
329663792
329672732
329685408
329726301
329739467
329749895
329761590
329951099
330026865
330177529
330183726
330262764
330312902
330329485
330391752
330518748
330537386
330560263
330610088
331151816
331154726
331223472
331356074
331499353
331530967
331537951
331602850
331671938
331722642
331749152
331902129
331914312
332200217
332202249
332214500
332227328
332271112
332338537
332352574
332434388
332500690
332599824
332692374
332704825
332939265
332943816
333102773
333179822
333268585
333287120
333598975
333599674
333873744
334114057
334255994
334265824
334308754
334411131
334514645
334650299
334754992
334760296
334794436
334994354
335238185
335352065
335391081
335558215
335583804
335593902
335908882
335954758
336216700
336273484
336546176
336771193
337184982
337552715
337614115
337705895
337722846
337748214
337815606
337856315
338152152
338156233
338510767
338733145
338935328
338950190
338968968
338992702
339047914
339149316
339254683
339325815
339441795
339560750
340051323
340394947
340399757
340542591
340777618
340940183
340943917
341241851
341398999
341837633
341915755
341967176
342003847
342011739
342013919
342095468
342258556
342267689
342354875
342452562
342734174
342761835
342864562
342883764
342912823
342919183
343033455
343113964
343156874
343326951
343529823
343667845
343694730
343708667
343714553
343798569
343863192
343921592
344003474
344059193
344191411
344204597
344218760
344248175
344312926
344455765
344488339
344690887
344813405
345012426
345027295
345046940
345073268
345292716
345329523
345365993
345528517
345572450
345720563
345737867
345803434
346079604
346146342
346235047
346314094
346471594
346526200
346592416
346876540
347139532
347475748
347476607
347690597
347846294
347870367
347904365
348003926
348010776
348103163
348179386
348207483
348374403
348440997
348554543
348663373
348892623
348906579
349003158
349012667
349112078
349200569
349242923
349258469
349453490
349516790
349587765
349698889
349718967
349921033
350015548
350264412
350350585
350390638
350494885
350928335
350955468
351400062
351437550
351547847
351671831
351712272
352226681
352232456
352320889
352378443
352407338
352597646
352612155
352679934
352708313
352961984
353084520
353314359
353453424
353515764
353610967
353786740
353786950
353854627
354047643
354112939
354142391
354188010
354218096
354270843
354281708
354348733
354462483
354534664
354537896
354600885
354746163
354813857
354859466
355095502
355336522
355371680
355412533
355413700
355451909
355452360
355623687
355703133
355731932
355837135
355880086
355901415
356074091
356186564
356199957
356237279
356374383
356568747
356602535
356670984
356672906
356849262
356922461
357046077
357130626
357141057
357199466
357384545
357392208
357643960
357822526
357904696
358031401
358099739
358306627
358351788
358376700
358400926
358521867
358671587
358978844
359169615
359277050
359308958
359465479
359508145
359566881
359826683
359849410
359954621
359993954
360091288
360161520
360275496
360397691
360409247
360477753
360526783
360716249
360791769
360795995
360872889
360888376
360901352
361018406
361041151
361128364
361263458
361400037
361438066
361453221
361485785
361604282
361618688
361777867
361796648
361963272
362010525
362121685
362208330
362216922
362408847
362471334
362552076
362613637
362684945
362740215
362818894
362839517
363040300
363069797
363263208
363296607
363791929
363911101
364047768
364091973
364121687
364308200
364451760
364486501
364516567
364580463
364715410
364833851
364844382
365306848
365373055
365391663
365611848
365912536
365915420
366150819
366321135
366340219
366419161
366518980
366523971
366606337
366630312
366894209
366998458
367020798
367249925
367307937
367319164
367827071
368053503
368067545
368244446
368361369
368410539
368419523
368430936
368643597
368644045
368796129
369088049
369313576
369345665
369441249
369454248
369588703
369599700
369820539
369846275
369883388
369968757
370201165
370234755
370366088
370508601
370582251
370587980
370596163
370599185
370719800
370907087
370947808
371013903
371145700
371438686
371481881
371786652
372073986
372140288
372356459
372658128
372716154
372718024
372866981
372924750
372929051
373161488
373280023
373288958
373297105
373378950
373570504
373636963
373810821
373814142
373956257
374022470
374088351
374303380
374312335
374571289
374584502
374680892
374753646
374793816
374803315
374856821
375177492
375191538
375230775
375233990
375238523
375248168
375386086
375574929
375739103
375741675
375765859
375836400
375972072
376031524
376091472
376296982
376383762
376461670
376596997
376649249
376740657
376876229
376931674
376967349
377029192
377166244
377171200
377732253
378158109
378159206
378272548
378424708
378509898
378581931
378631908
378781562
378798744
378801591
378803312
378833890
378838931
378848383
379087760
379095935
379104453
379140978
379151611
379224672
379485446
379538232
379708582
379901782
380125928
380438833
380528924
380634219
380759552
380766162
380779714
380816664
380912867
380937014
380959420
380961751
381040504
381094534
381136918
381275501
381488056
381531127
381742726
381804183
381863450
381902013
381912550
381973612
381986552
382271123
382283940
382334892
382457201
382518066
382536041
382553542
382583388
382616871
382635477
382735165
382837901
382994069
383039611
383133345
383176807
383292711
383325499
383389695
383393784
383398755
383428512
383677515
383680051
383723991
383742754
384103482
384200909
384254394
384292400
384367747
384478585
384507996
384549899
384692034
384722724
384746457
385018569
385181378
385227668
385270403
385298514
385352055
385403487
385408685
385555938
385560915
385825586
385884097
385913298
386072762
386082470
386087894
386169320
386261724
386284575
386320103
386420293
386452601
386568003
386587475
386672218
386756351
386818882
386822047
386839043
386963492
387158551
387207822
387249278
387327534
387473737
387477860
387546366
387628590
387631557
387684638
387843192
387872833
387875894
388083090
388092672
388198700
388315889
388355624
388583024
388631685
388726783
388859504
388907912
388940281
388972135
389008079
389049575
389328311
389644208
389686802
389692381
389752523
389897181
389906527
390049723
390122753
390154148
390314071
390354393
390495928
390524304
390557571
390752841
390785011
390804644
390959847
390977058
391067946
391099353
391149056
391191675
391317618
391403660
391426671
391644056
391699709
391782430
391899230
392029293
392114039
392251180
392275429
392303721
392310977
392406252
392442488
392575746
392944360
392950137
393092494
393141179
393400363
393414123
393811953
394001984
394151784
394275115
394299039
394400732
394425952
394434879
394439402
394577430
395072780
395133249
395235165
395243620
395427391
395440225
395653846
395817591
395953425
396089778
396108070
396362277
396424552
396501361
396545092
396589594
396637489
396699416
396715335
396840341
396872559
396874252
397000175
397084242
397133056
397348542
397456795
397577167
398040767
398159134
398587283
398793834
398807033
399037826
399176212
399242779
399335986
399526794
399758407
400078692
400081074
400199383
400200689
400224373
400250011
400318744
400345885
400355384
400533216
400574674
400596839
400693687
400859071
401092284
401127165
401243652
401397127
401645903
401772980
401798242
401890837
401946326
401984864
401991045
402081940
402122748
402296199
402313595
402356581
402404561
402447557
402477808
402799054
402818439
402888675
402889396
402902950
403067387
403207544
403251474
403260591
403280592
403517587
403636906
403902960
403963780
404014889
404145384
404360316
404416329
404427384
404502077
404591238
404597299
404634300
404764614
404771368
404798795
404848916
404863602
404942744
405172858
405291820
405342405
405351662
405373125
405419393
405433477
405440607
405448535
405680396
405873937
405977605
406048760
406145281
406292712
406320949
406392847
406590063
406688840
406718205
406768425
406794381
406806922
406933339
407272036
407388404
407459580
407502325
407562794
407682397
407730697
407762693
407981499
407998761
408126296
408401546
408536041
408568951
408587451
408610310
408623203
408643401
408693477
408730815
408750288
408820413
408995401
409069961
409119291
409134823
409275233
409449577
409479127
409481722
409528770
409645295
409895395
410027041
410147401
410154027
410162422
410197450
410262026
410380960
410382024
410396770
410420660
410482393
410549000
410564457
410594413
410629488
410693769
410748783
410995289
411046743
411100184
411236227
411240474
411441915
411517853
411533517
411610772
411653588
411679761
411710753
411890674
411905244
412049984
412293458
412322548
412370889
412382445
412507768
412528083
412543453
412554840
412636549
412803323
412830897
412867787
412968522
412995798
413060869
413327795
413400950
413402170
413404316
413431228
413470009
413647222
413706207
413957222
414158182
414213955
414763143
414848379
414976029
415035248
415080047
415125036
415344575
415360271
415432510
415526027
415679288
415787294
415924706
415937810
415960910
416158231
416185702
416216324
416248791
416263146
416399978
416403127
416453170
416610657
416775337
416923434
416971955
417304479
417550099
417555586
417671453
417717039
417793754
417870157
417925116
417962768
418046835
418094377
418119274
418679386
418849075
419016313
419118337
419159720
419216131
419245416
419431355
419459061
419512046
419548049
419552023
419560705
419580950
419632695
419728042
419792305
419845059
419852302
419867701
419957760
420022838
420140054
420253267
420386835
420425522
420425547
420430617
420450667
420673616
420784580
420987188
421035656
421231099
421425879
421477121
421477722
421524427
421528625
421585016
421689979
421761193
421802951
421871493
421917404
421919938
421983903
422015067
422155062
422244681
422322800
422519038
422818040
422983105
423028794
423047052
423251136
423330482
423505244
423565451
423780056
423802989
423842946
423845500
424150130
424209216
424209757
424234977
424264217
424450095
424459767
424609309
424662266
424762098
424858222
424913420
424954140
425036504
425305879
425490295
425577439
425584834
425722844
425803161
425833381
425933193
426126158
426242965
426383239
426422619
426422797
426623706
426667735
426709862
426761093
426984134
427120989
427197440
427217914
427266679
427273993
427371936
427580191
427619533
427653953
427684437
427757858
427785516
427829022
427926607
427954763
427978077
428064328
428109413
428249742
428419417
428511679
428771237
428813886
428823458
428881899
428888428
428992830
429234548
429245406
429353248
429457318
429537681
429625500
429650922
429983757
429985289
429999782
430108643
430121380
430235210
430331589
430651642
430660938
430832413
431028356
431037394
431075870
431164226
431516331
431640207
431653880
431766605
431826039
431934634
431960257
432034178
432161929
432198143
432256825
432393112
432420382
432486365
432514524
432538139
432603087
432644945
432744467
432816725
432845094
432913782
432959176
432964677
432991629
432996952
433261555
433591318
433752456
433783643
433879676
433884516
433903374
434053009
434330852
434359554
434484348
434554005
434777723
434995061
435019117
435055019
435137683
435239102
435382345
435466191
435652676
435678502
435762827
435774308
435775590
435931262
435950286
436072075
436137335
436314267
436392155
436438301
436484573
436599627
436628094
436797953
437249616
437468591
437489024
437553948
437565310
437612047
437633680
437665321
437970718
438047764
438064001
438265823
438364936
438392408
438459349
438466310
438830144
438938610
439030091
439046337
439380476
439549172
439719708
439730537
439756015
439758504
439926797
440036020
440041949
440413344
440435535
440596780
440730646
440755943
440900529
440974856
441205611
441273036
441331123
441447768
441451075
441468201
441483642
441558860
441649977
441778269
442152121
442207382
442318833
442331527
442333697
442400925
442434695
442658394
442759849
442952872
442971164
443058379
443067756
443128438
443140984
443150422
443158628
443165066
443240644
443251975
443255869
443263862
443276543
443403734
443489861
443543295
443879722
444016862
444038285
444103085
444385822
444444615
444446933
444482069
444487497
444636764
444690791
444884044
444967358
444969824
445020079
445310552
445318544
445363698
445549213
445765363
445935748
446362842
446580031
446751395
446797662
446810971
446853517
446867242
447071414
447098714
447248112
447281991
447319825
447631816
447678742
447776494
447821719
447828231
448021579
448090884
448138631
448193250
448195501
448328104
448652834
448777381
448812488
448813291
448827785
448879524
449010928
449089607
449177514
449216317
449239003
449412764
449461414
449487708
449632250
449649106
449697713
449746618
450353822
450376356
450413201
450499086
450510486
450638331
450664408
450712147
450716970
450721267
450764596
451000546
451026967
451136826
451203701
451509339
451560067
451638724
451690600
451773850
451900279
451975396
452256578
452263448
452322054
452712522
452825041
452887190
452901412
453115928
453317400
453412824
453417398
453496436
453518173
453587866
453835863
453879268
454168799
454266926
454287454
454370522
454419323
454466178
454476284
454537994
454550372
454576958
454602446
454627935
454685484
454703070
454880351
454954289
454981535
455218023
455281730
455297231
455345006
455396680
455475067
455485767
455517811
455616872
455757153
455807059
455807685
455810048
455812750
455879032
455964605
456005986
456035834
456071420
456074892
456403013
456428248
456510323
456644491
456733550
456774722
456913333
457108346
457187160
457256275
457543270
457875182
457965915
457979840
458044647
458083937
458117264
458187998
458302720
458355004
458376089
458390552
458583257
458589010
458686391
458699582
458855449
459178787
459237047
459312501
459374283
459647357
459816340
459984715
460031238
460091242
460144950
460168592
460207809
460269264
460299938
460302542
460302891
460461369
460509066
460600670
460782197
460837315
461045904
461259916
461309859
461461671
461544307
461659165
461677333
461802489
461806154
462165699
462207673
462252230
462295705
462416029
462431908
462622541
462856632
462973610
463098486
463113470
463403910
463443522
463709623
463771113
463829333
463853290
463909275
463954761
464122171
464175546
464280001
464369038
464499271
464528666
464548506
464595323
464653512
464709766
465007638
465140427
465285104
465371993
465974131
466091136
466118046
466138358
466200975
466204349
466304454
466376790
466543521
466580231
466771505
466774068
466863925
466903972
466919350
467166244
467252904
467358415
467393756
467432448
467450183
467523687
467577865
467675019
467839144
467882039
467975090
468086771
468093173
468214417
468259543
468527799
468790090
468802360
468898057
468917852
468919268
469107638
469271227
469346441
469439772
469443598
469456904
469496809
469721456
469897206
469909783
470231751
470577826
470608001
470740545
470890181
471171066
471222833
471276926
471551567
471552914
471585148
471643382
471809536
471871348
471881064
471887600
472049288
472176112
472217093
472470496
472566907
472574640
472611280
472618475
472637490
472645257
472647239
473119881
473268609
473373606
473390427
473429959
473503685
473515227
473686557
473702752
473734586
473766581
473805664
473811807
473832478
473981799
474058632
474325345
474431911
474505176
474528844
474568635
474696626
474750349
474758553
474780439
474960411
475087289
475260411
475275263
475392082
475817310
475834837
475959470
475984416
476241638
476323128
476582430
476676046
476713680
476843419
477170745
477332333
477436883
477457604
477678725
477743056
477782680
477947991
477992219
478000045
478084074
478166510
478174607
478178027
478248364
478257871
478286896
478299271
478383751
478402360
478460922
478522202
478670669
478678582
478776206
478828489
478850682
478941875
479052227
479100227
479159391
479236294
479435980
479463728
479573547
479626381
479651494
479662113
479802727
479843960
480359149
480695851
481022499
481220341
481365547
481574185
481788252
481849762
482004153
482124413
482177444
482249656
482294702
482351361
482457424
482502153
482539284
482542676
482658169
482711057
482711439
483140670
483293354
483467341
483666343
483683437
483856068
483994187
483996825
484169752
484193905
484457393
484494195
484617644
484873622
484909316
485049349
485076436
485090816
485124021
485242123
485256720
485417624
485520263
485582068
485625572
485680308
485726990
485739531
485825308
485844631
486112138
486125931
486143420
486321137
486693533
486774700
486829520
486956909
487166934
487272179
487379338
487414707
487655341
488204423
488393063
488396195
488411336
488424437
488442297
488449524
488593852
488613848
488616612
488681194
488685560
488833377
488893201
488950989
489182964
489211760
489270751
489297615
489558558
489613765
489708970
489970865
490175817
490264543
490456884
490669910
490952416
491200120
491468195
491495895
491526183
491536530
491602392
491753804
491774033
491779815
491843934
491861098
492071781
492107151
492315976
492388409
492450427
492562864
492724907
492935068
492942994
493032175
493088703
493093190
493245736
493363506
493416569
493436771
493450358
493482235
493635462
493641445
493667242
493894289
494174990
494209356
494270356
494299719
494386652
494460502
494464717
494496025
494620496
494841952
494988465
495081953
495142126
495316104
495333187
495400630
495547571
495766507
495796972
495898229
495923296
495968921
496052056
496351019
496354728
496361078
496542088
496640600
496658425
496714565
496717887
496992400
497011036
497063166
497144533
497161449
497370790
497625344
497627382
497648118
497650512
497690283
497825402
497825719
498135395
498288377
498377953
498404130
498641324
499050590
499341170
499483822
499632691
500004555
500146745
500338346
500434516
500586333
500835922
501213652
501628462
501643316
501766978
501926321
502099249
502312710
502418054
502477823
502595752
502607760
502661037
502791407
502813759
502911450
502974373
503032796
503245545
503274627
503422151
503501111
503520557
503555870
503615877
503642459
503712144
503750629
503795023
504071750
504192055
504230316
504400710
504450750
504514928
504531513
504826935
504873360
504995822
505414830
505494372
505494449
505522375
505573749
505699631
505745044
505835211
505843921
505853077
505977779
506044857
506143514
506181685
506197290
506500728
506582295
506641229
506666750
506729329
506843081
506889117
507011937
507199221
507454984
507456836
507474291
507517802
507653044
507672873
507690527
507718345
507822978
507827605
507872867
507995438
508054190
508223996
508243541
508251752
508559477
508656160
508733311
508857018
508871511
508902123
508930863
509038696
509097734
509327328
509402562
509420720
509639223
509680734
509712602
509748376
509787424
509824209
510081559
510100387
510104551
510125865
510422862
510529587
510537579
510621786
510820585
510820604
510906603
510936080
511164183
511194874
511201971
511212096
511436412
511559463
511573371
511721131
511736195
511956757
512162746
512166229
512176406
512207931
512498328
512530873
512713353
512836189
513091424
513093787
513238285
513251757
513253273
513299559
513356911
513459552
513491318
513548572
513780275
513950017
514065514
514105443
514126508
514143705
514189157
514422589
514476684
515044106
515129905
515219152
515242724
515323733
515327603
515379587
515438370
515577882
515607401
515626940
515644469
515860747
515892104
515950832
515998921
516763215
516801789
516876992
517199216
517271642
517272936
517510983
517545663
517783278
517928770
518139766
518147220
518159811
518459387
518493195
518530805
518619291
518781182
518817950
519162390
519203184
519342057
519413312
519549791
519573750
519728034
519997664
520035549
520038728
520179694
520263438
520280013
520362499
520454053
520507418
520523323
520782927
520847023
520925037
521156348
521186980
521401495
521457164
521503620
521504787
521716458
521785408
521837155
522035917
522092497
522239978
522241684
522251422
522317265
522386555
522475795
522492891
522519843
522744352
522987012
523100188
523140615
523164867
523238706
523582255
523612672
523616395
523695306
523704976
523877694
524010296
524205099
524553173
524841335
524992607
525008627
525245482
525321467
525373803
525392159
525402762
525516597
525629874
526194594
526313782
526595315
526685741
526728158
526738030
526790566
526811695
526830977
526892243
526980820
527211997
527320235
527331191
527386632
527400416
527453012
527462663
527542381
527595209
527623575
527653722
527814162
527926538
528055709
528164776
528200245
528341621
528382159
528676673
528685761
529054198
529091320
529273097
529417546
529475715
529524564
529716738
529786227
529950814
529960976
530122138
530176706
530187900
530232137
530283498
530327147
530390048
530411657
530598274
530600316
530794388
530796054
530901491
531003175
531081650
531166029
531243851
531406617
531468624
531587311
531776698
531784757
531820472
531832766
531954930
532016355
532069880
532302353
532345173
532485568
532542446
532558020
532656848
532673611
532677295
532710231
532744613
532787483
532870180
532896911
532899323
532907646
532909778
532913905
532954319
533128737
533341846
533440742
533523171
533593516
533805574
533922918
533932760
533999955
534036336
534068287
534113912
534124912
534201803
534304367
534353952
534502495
534764316
534904266
535039231
535082794
535218691
535618700
535902328
535904241
536145827
536158103
536389724
536478442
536511311
536763401
536914163
536945138
537024835
537340234
537483057
537521357
537599529
537762520
537826260
537886907
538034921
538053543
538094383
538258404
538528196
538780834
538940576
538949354
539065884
539067667
539250478
539325857
539342484
539406375
539411964
539437718
539763148
539782206
539836410
539868000
539873661
539900972
539906935
540350549
540682434
540699489
540782885
540788938
540816305
540830138
541072236
541218849
541337770
541575616
541695893
541716043
541737553
542190131
542199447
542536096
542658531
542659008
542682735
542708147
542761434
542780230
542952559
543034729
543067776
543124873
543366824
543375169
543402125
543404420
543609476
543677035
543859306
543881656
544256444
544305772
544590064
544657752
544782887
544887619
544890815
544959281
545010857
545097283
545127755
545246523
545258261
545335671
545414254
545511894
545676275
545724322
545836219
545934742
546103673
546179561
546187143
546250080
546498843
546530689
546725014
546776349
546815458
546825211
546845785
547099985
547279099
547490798
547550564
547629693
547642241
547677083
547796768
547887759
547905287
547990485
548159041
548280746
548594366
548730488
548787332
548991606
549035203
549097782
549106418
549267912
549322078
549336055
549385262
549396003
549445683
549519223
549558392
549590472
549833008
549865594
549925587
549958104
550354593
550407215
550569546
550618986
550777437
550952746
550970300
551096573
551288949
551423089
551505345
551513812
551610010
551719810
551785615
551831374
551843336
551969342
552040248
552099296
552215780
552268829
552363053
552387701
552412657
552439023
552599552
552687331
552763788
553032573
553090858
553236078
553624607
553762442
553853974
553887499
553901692
553936951
554024466
554110573
554370603
554409194
554485660
554549971
554604698
554824841
554915815
555100028
555278940
555305667
555400651
555461503
555571800
555608486
555634464
555847866
556222849
556254413
556264967
556305609
556320299
556342227
556364939
556397974
556645214
556667262
556752791
556823167
557056826
557074052
557237883
557367510
557583039
557723476
557958879
558101157
558146722
558321055
558381417
558500841
558555565
558564382
558648805
558948050
559022179
559076291
559113700
559130554
559219336
559262646
559298488
559316299
559370310
559392335
559451427
559525314
559622867
559667848
559710833
559762919
559899544
560048933
560120056
560265667
560403210
560701867
560797612
561021451
561033695
561055159
561238160
561416682
561447779
561803745
561962043
562002049
562138648
562188892
562218759
562238486
562350190
562964440
563003592
563036487
563086336
563310688
563625737
563640770
563658443
563872702
563984652
564007460
564019181
564294175
564379642
564387043
564473273
564481958
564854101
564908733
564928037
564944988
565074850
565175314
565233532
565307018
565331925
565404499
565438188
565526523
565808867
565822477
566018668
566038377
566069490
566108443
566307720
566310903
566312136
566351532
566441499
566789599
566859986
566886223
566930932
566970327
567024356
567037146
567048266
567137823
567154369
567196697
567204903
567206515
567209932
567345028
567345945
567380749
567529398
567723624
567746693
567871633
567923610
567952151
567999282
568062722
568209544
568247449
568369867
568660254
568774683
568780899
569010241
569022227
569101693
569128012
569180490
569192211
569318953
569441810
569456826
569458140
569736801
569798998
569903844
569993370
570153682
570157887
570186394
570303794
570414655
570440228
570591172
570608726
570686398
570848251
570907629
571219609
571375840
571413883
571784009
571994093
572302941
572382272
572499535
572517898
572562981
572721165
572724224
572763252
572788557
572842750
572947037
573097306
573153240
573175145
573378500
573677546
573681532
573725175
573727933
573864819
573896064
573927490
573999018
574048007
574068431
574071794
574191050
574253937
574455155
574544600
574618482
574636634
574673978
574765506
574780863
574792423
574822320
574826880
574926251
574992949
575272386
575344267
575351065
575429454
575542103
575562887
575639238
575701899
575785009
575817147
575825945
575891068
575898414
575917489
575935410
576020498
576027468
576236535
576347517
576459518
576501023
576785647
576831585
576881626
576929654
577007185
577157026
577180436
577240688
577246034
577287958
577628247
577809097
577886190
577961723
578014049
578076815
578105826
578147324
578565521
578702207
578821418
578843260
578885095
578945338
579012537
579143645
579169280
579397415
579543143
579593324
579758284
579869425
580161969
580179290
580323465
580328827
580348589
580388374
580535916
580599560
580749649
580934058
581050632
581091479
581120314
581208676
581277826
581602984
581964878
582175702
582208721
582245389
582694697
582787479
582979069
583061614
583368517
583607856
583791320
583936951
583964834
584020522
584153471
584156543
584186345
584252386
584435572
584497885
584515549
584785411
584934357
584951329
585008491
585196722
585268322
585459129
585602615
585639585
585727885
585798160
585832602
585844702
585945527
586003837
586050484
586119152
586484808
586661518
586697711
586731878
586854782
586907856
586935408
586991398
587016640
587435897
587702972
587827851
588030050
588086310
588229350
588520434
588574168
588645532
588681931
588726661
588895045
588919005
588929312
588936244
588996505
589070570
589224806
589249394
589296593
589307738
589410458
589429386
589776066
589783505
589805193
589820209
590110234
590169252
590288074
590446853
590697978
590709017
590739474
590808925
591151538
591160629
591173001
591203251
591375575
591453763
591528860
591758777
591819685
591974143
592021311
592023130
592256517
592306466
592458760
592471575
592482657
592788031
593020328
593263994
593385849
593398576
593715926
593817473
593851201
593960055
594241486
594421837
594613216
594682149
594771542
594894235
595042285
595072523
595158156
595178971
595313823
595377164
595403529
595499714
595556382
595638320
595735070
595799237
595998847
596069607
596092787
596218394
596226485
596420259
596548126
596568104
596606968
596624131
596743994
596750161
596819424
596994733
597175338
597500019
597563256
597573982
597647896
597674518
597677349
597805671
597930968
598217131
598382415
598404811
598458628
598481269
598525966
598586057
598736712
598762942
598904113
599007721
599027873
599094533
599129390
599133071
599422369
599430323
599444848
599529519
599541157
599542224
599581860
599582967
599693098
599700688
600095608
600217557
600245648
600262896
600647101
600710749
600724429
600728396
600755320
600755548
600786387
600850810
600959838
600992921
601002122
601132471
601157797
601310698
601341776
601411402
601423238
601428981
601452505
601506616
601515509
601597372
601637264
601696534
601719896
601800237
601842103
601861585
601906916
602076807
602146736
602226609
602396554
602459547
602491435
602519386
602644943
602738002
602767509
602984233
603067478
603091484
603168143
603214873
603250489
603308547
603562854
603650713
603658117
603707456
603758625
603841009
604099653
604232418
604251861
604379386
604386002
604472620
604892298
604996121
605196651
605319395
605329177
605606824
605777681
606488013
606592960
606652949
606654099
607121258
607157221
607174997
607215969
607281150
607538543
607741103
608114040
608167896
608260061
608298679
608303665
608316923
608407371
608445757
608475315
608496597
608497491
608581298
608706001
608787689
608813477
608846354
608851747
608852189
608898652
608989613
609049067
609078168
609118313
609132826
609263703
609290736
609395658
609824019
609845592
609852666
609959017
609986125
610061475
610226036
610238450
610314698
610392925
610401509
610658526
610683487
610753160
610988364
611190341
611417847
611440053
611474237
611519533
611578091
611734692
612193368
612239602
612266778
612318571
612334094
612346749
612782931
612795125
612920648
612932795
612946043
613044782
613046645
613094423
613169363
613188905
613209606
613359632
613495563
613600295
613685214
613694341
613846451
613887530
613888915
613987840
614191920
614295704
614380867
614439115
614465311
614488301
614821405
614895270
614975371
615077016
615128850
615229303
615403689
615465672
615477660
615647548
615819993
616079747
616234246
616452551
616567962
616725801
616799732
616844039
616917318
617093283
617210530
617233261
617351347
617407513
617465692
617535045
617552970
617843163
617858827
617899018
618112244
618144572
618385206
618443029
618462406
618484714
618577673
618666681
618734976
618755047
618759453
618782464
618798425
618812114
618850975
618863364
618883768
618973638
619001444
619049591
619101115
619126409
619263692
619325265
619327895
619437898
619610920
619783671
619786655
619833587
619947887
620017874
620138567
620253948
620259116
620284046
620501826
620504714
620664816
620821325
620866022
621058170
621094300
621189365
621291632
621486451
621723628
621759627
621794506
621886490
621940536
622061757
622257673
622308235
622612373
622758050
622814261
622820483
623011286
623043459
623060889
623175186
623581842
623607176
623656060
623708584
623840561
623902738
623937414
624073502
624203869
624210455
624271162
624496384
624554704
624558326
624812992
624952478
625048544
625080493
625105149
625235487
625278378
625316477
625534954
625561037
625565094
625578444
625688491
625806127
625837254
625928332
625951440
625985875
626267108
626279106
626544726
626578313
626598502
626764201
627059032
627504209
627552895
627634495
627972626
628133346
628500330
628549022
628629470
628778737
628801926
629055585
629056724
629194619
629233849
629289234
629316026
629434045
629481390
629580466
629613674
629694206
629791352
629794133
629849898
629853480
629925922
629936426
629973434
629998723
630004978
630022828
630039694
630062806
630255542
630312978
630381632
630465305
630518681
630603145
630708403
631196747
631271396
631297081
631465500
631530924
631539085
631719724
631748090
631900745
632039362
632092207
632117015
632186417
632214422
632408398
632508920
632700022
632717052
632928017
632962156
633030593
633258691
633289740
633443584
633452374
633558725
633584652
633690298
633929918
633933680
633956404
633957691
633968793
633984317
634053861
634074155
634105945
634474046
634484815
634569456
634624799
634966882
635170903
635213738
635248544
635281435
635315160
635366409
635417780
635588145
635668807
635736642
636007864
636197097
636438897
636477646
636897719
636928565
636945410
637016848
637064627
637397313
637463617
637693237
637723765
637730932
638172792
638350824
638370005
638385104
638422914
638543419
638557519
638664170
638824085
639097535
639273230
639389544
639392284
639429731
639530775
639612606
639615888
639647388
639659572
639742021
639764459
640095001
640203104
640205171
640299147
640329409
640469587
640491897
640585183
640719039
640720208
640818014
640895751
640935105
641016823
641179104
641183847
641296499
641345403
641488023
641545439
641680503
641965471
642057982
642150227
642190374
642209975
642310148
642325351
642327315
642350970
642358194
642451775
642689180
642716383
642780844
642813325
642814204
642864253
642908833
643028789
643102582
643151055
643201169
643214057
643326386
643421775
643444704
643535994
643562675
643890533
643933321
644055889
644300359
644660073
644663133
644681777
644736162
644749212
644774164
644820727
644870187
644912470
645121613
645192538
645203417
645204605
645208209
645247759
645277239
645369171
645398003
645557266
645574515
645586378
646056615
646130064
646171793
646338239
646552456
646557778
646596103
646654223
646812387
646860262
647034584
647054648
647196731
647353116
647433282
647595213
647596464
647627914
647736899
647897032
647943641
648047068
648182862
648238156
648360616
648500140
648859532
648919394
648939298
649251065
649323576
649327084
649706681
649773031
649792465
650026806
650090273
650206677
650272752
650380986
650439331
650641419
650679631
650712639
650801409
650831019
651276948
651340026
651456246
651936066
651959957
652021936
652252344
652298807
652319084
652336703
652402804
652416687
652574580
652579069
652756643
652759239
652785634
653088137
653184557
653337871
653507269
653619314
653741019
653914760
654010948
654130106
654185698
654541548
654653013
654765038
654866845
654998016
655108402
655312295
655384251
655533177
655582317
655598031
655603620
655827800
655932899
655989788
656021270
656084643
656145137
656236537
656391873
656475061
656791417
656862841
656939940
657212362
657214212
657296600
657356862
657419203
657427946
657531929
657591326
657724257
657828221
657832540
658005912
658008312
658038172
658127038
658151842
658200645
658409216
658635070
658660525
658819123
658978868
659035519
659048652
659225687
659248960
659337174
659571964
659665305
659665626
659698303
659901817
659919900
660042837
660166906
660274673
660420197
660439371
660454922
660618065
660643125
660686923
660724126
660729932
660882808
660944028
661005673
661119186
661205589
661302691
661591975
661608357
661650303
661685722
662031078
662115672
662146811
662290139
662321056
662412670
662441767
662445830
662943194
663059603
663172779
663381598
663503774
663673425
663730643
664112181
664236426
664303466
664537893
664703691
664774500
664799411
664804059
664997779
665072956
665184056
665214497
665545410
665615452
665661555
665794294
665944295
666075827
666170628
666179993
666261867
666279303
666333516
666355379
666472748
666495046
666718793
666737512
666797819
666871860
666970796
667337343
667346358
667392991
667402347
667518794
667605751
667753197
667793284
667799232
667826908
667918164
667984955
668042049
668138011
668199344
668285988
668389110
668434698
668595464
668627744
668729610
668988460
669390127
669492232
669945707
669999647
670083086
670141221
670282292
670562935
670883666
670985442
671035336
671167286
671306227
671309663
671597435
671625516
671709651
671724248
671801984
671817491
671890240
672206284
672213459
672213588
672248283
672311601
672400118
672657648
672748410
672799869
672961427
673045529
673495997
673596120
673866392
673881442
674040643
674255202
674452208
674526975
674608023
674608848
674704589
674794820
674803443
674805900
674886665
674897890
674909305
674935327
674982239
675251168
675471882
675532234
675577957
675582491
675647418
675680781
675845130
675966467
676120057
676179408
676522196
676559496
676639303
676649219
676682615
676720369
676925389
677118777
677166781
677244970
677270769
677290675
677303083
677657880
677815864
678133447
678172776
678208952
678257899
678355325
678393537
678550498
678565348
678699251
678799012
678828238
678911318
678934086
679018121
679086711
679271442
679406226
679408080
679408572
679469754
679544549
679631898
679682824
679749735
679931895
680158600
680203422
680216492
680355730
680488014
680490586
680619558
680760907
680801913
681046694
681052588
681171289
681233403
681295283
681453537
681620366
681648900
681812884
681814202
681904731
681965842
682330775
682332205
682385942
682456826
682747268
682927356
683022809
683378338
683542100
683555080
683606710
683729834
683847211
683924564
683965549
683971620
683974057
684095496
684115385
684159146
684165888
684177489
684278777
684307526
684403865
684432276
684471739
684582494
685079113
685143696
685197558
685389487
685393449
685445309
685660105
685660562
685671715
685785868
686082224
686129940
686151985
686166480
686184920
686238780
686346076
686400359
686540331
686655554
686769581
687272508
687287469
687385358
687476958
687573881
687587485
687622716
687711371
687738119
687782295
687905777
687936462
688235123
688311518
688315881
688359187
688606356
688700468
688710662
688816864
688821970
689346279
689453899
689512888
689599505
689675161
689799209
689934700
689985978
690105361
690150148
690154370
690209012
690251149
690267068
690280715
690443328
690473080
690567920
690811146
690842435
690935591
690948773
691025565
691041403
691073557
691313535
691385234
691538671
691553445
691723310
691724983
691749428
691768248
691855255
692000071
692055176
692060126
692115076
692185187
692205786
692286147
692289762
692304463
692417551
692575522
692704180
692724717
692859072
693053960
693079490
693145128
693296991
693388838
693402757
693639688
693644697
693769447
693813727
693849339
693924193
694211589
694376330
694407530
694570596
694602041
694889311
695039160
695060123
695303608
695345885
695360355
695388106
695453864
695512598
695572187
695595389
695645867
695735004
695741571
695813411
695841474
695907092
695917100
695970816
696038047
696134859
696462142
696467912
696500553
696537240
696588330
696756266
696886055
696913223
697012998
697298533
697329968
697406093
697511876
697747533
697902329
697973242
698166108
698413592
698486995
698501355
698788795
698794136
698849024
699062916
699076442
699098644
699385654
699461900
699463962
699488408
699730717
699751718
700035614
700099504
700114635
700199069
700360005
700443197
700534803
700729471
700751281
700887195
700891975
700948061
700961148
701043302
701048608
701112677
701410511
701497159
701616313
701631081
701726754
701814163
701843443
701930046
701994009
702026799
702111878
702385225
702405835
702494033
702500692
702639348
702669168
702766769
702800733
702825207
702970390
703025898
703107962
703320139
703433825
703441952
703475285
703502365
703508723
703731637
703907247
703973521
704164760
704321787
704363051
704497121
704522063
704570470
704735971
704894439
704911779
704916953
704973575
704975967
705058310
705121602
705163097
705337930
705353158
705570392
705576546
705604971
705753051
705865203
706039522
706078016
706145051
706469340
706654378
706804612
706842085
706871453
707084901
707120584
707231454
707306890
707884801
708110525
708153089
708291318
708375243
708517354
708535764
708540108
708654900
708995264
709143308
709177418
709200504
709241731
709259253
709294845
709383464
709557444
709613374
709844972
709858870
709860768
709889523
709996268
710410140
710449812
710656402
710996681
711151264
711285692
711409286
711528826
711569293
711670652
711704865
711916687
711996745
712065273
712274622
712287965
712646899
712658917
712831524
713042365
713150527
713234112
713267649
713312868
713367537
713983489
714005236
714115724
714177432
714198857
714213453
714249133
714273890
714292215
714392051
714431551
714727404
714771717
714950399
715039864
715190258
715223955
715324133
715362239
715612434
715623165
715651772
715721551
715808582
715817846
715894987
715924192
715968524
716016743
716098833
716204618
716272992
716443302
716450841
716583219
716591898
716601433
716613660
716641868
716727184
716773907
716845122
717096827
717116758
717178235
717611381
717641365
717688174
717733423
717759378
717925326
718018573
718249645
718382516
718577244
718889724
718979778
719193595
719299394
719641537
719668648
719767105
719918369
720187811
720297038
720384951
720576738
720590789
720653278
721034600
721168121
721245328
721272692
721472960
721496977
721574569
721707057
721974819
722035395
722039727
722132864
722703908
722722116
722823976
723003683
723054604
723211251
723342044
723371943
723491399
723511200
723576779
723577346
723756637
723791206
723933591
724019105
724093068
724222306
724272180
724289795
724419052
724432195
724685397
724756185
724819357
724935479
724985549
725025579
725284107
725336321
725494815
725665836
725669143
725750250
725774607
725853960
725959840
725979843
725980490
726026104
726336865
726437402
726501083
726511017
726615002
726747931
726816652
726895498
726910236
726932656
726998048
727133425
727311395
727364123
727685989
728002982
728029251
728077883
728254991
728366198
728451674
728623218
728641694
728666744
728950561
729536332
729613074
729617089
729784179
729934344
730092818
730129370
730181816
730195220
730262956
730321317
730453615
730515482
730611471
730807823
730903305
731127165
731127481
731150004
731188115
731328656
731372929
731613969
731688977
731832865
731883196
731985897
732177222
732204100
732351975
732416574
732454390
732471863
732787710
732975950
733069677
733072442
733111456
733152268
733177700
733350092
733352639
733377398
733493342
733734432
733771602
734089978
734145357
734372577
734642512
734791750
734903959
734911774
734924882
735073244
735079738
735366837
735509286
735523144
735658456
735663557
736000556
736051737
736056692
736091583
736444792
736594545
736638202
736835945
736852240
736880658
736884724
736899558
736932367
736952147
737241122
737272607
737273571
737334031
737527105
737971477
738348316
738462897
738559843
738593748
738698904
738868343
738882393
738986394
739128487
739309122
739339828
739440367
739599293
739631348
739669165
739709088
739936498
740167466
740309948
740325927
740445132
740475816
740521554
740557335
740861534
740920767
740943676
741245287
741271714
741327087
741342719
741449755
741630641
741765207
742021724
742236530
742311618
742391167
742450721
742655003
742667790
742793410
742875174
742901433
742922572
742996887
743168766
743435671
743921791
744153879
744167762
744224680
744305177
744319658
744421478
744452767
744462382
744479798
744485028
744501042
744553752
744660371
744870830
744907107
744949472
744979357
744986704
745309135
745349060
745543577
745590088
745616848
745882265
745976598
745999103
746117456
746142438
746163156
746342397
746395966
746420155
746533390
746586487
746803991
746915002
746935914
746945938
747022287
747539288
747616535
747826126
747903255
748160899
748216265
748361705
748377123
748431689
748500335
748529585
748531699
748581111
748591269
748741251
748800861
748842869
748850842
748862445
749021561
749029157
749262436
749550884
749581568
749615396
749629263
749634404
749754616
749883292
750081648
750090549
750172011
750248607
750251266
750296314
750320848
750333932
750514288
750793421
750846919
750947437
750975332
750993625
751126318
751210737
751392664
751434710
751484747
751496105
751522778
751545167
751685307
751724158
751903637
751942311
752107214
752171402
752429918
752442719
752472995
752643706
752765194
752772889
753050960
753075300
753110155
753201801
753299875
753307175
753522660
753597182
753634938
753821450
753946961
753984552
753992373
754191590
754281945
754331091
754355053
754389205
754398253
754507781
754698172
755034767
755216150
755313820
755535629
755646268
755669882
755784710
755873841
755994594
756001945
756077070
756104527
756249197
756540956
756769486
756950080
757115172
757131259
757515798
757548961
757667463
757949955
758000333
758100039
758244743
758367646
758397228
758639906
758673601
758679115
758779530
759125050
759245422
759318969
759530341
759534922
759594051
759608329
759767814
759768455
759848943
759874449
760076325
760189996
760308802
760360105
760376678
760502739
760509925
760606087
760628737
760880280
761065619
761085202
761188881
761207010
761278943
761342370
761430674
761471501
761496765
761500192
761575897
761665199
761724095
761784099
761800677
761923022
761924388
762156265
762187364
762233434
762411815
762477221
762533415
762737214
762755764
762799627
762852842
762872105
762873147
762877360
763089551
763124220
763201201
763219034
763253589
763355533
763550792
763553958
763645870
763931716
763931865
763992460
764014975
764080677
764151358
764227198
764594445
764659382
764728558
764733924
764933570
764985368
765009406
765056655
765117645
765136071
765179013
765274398
765869056
766078175
766251521
766254793
766354447
766434864
766585292
766668815
766675323
766708780
766822898
766832748
766886374
767027747
767030126
767128019
767256413
767308117
767354073
767354521
767388889
767398740
767403561
767425075
767691058
767942836
767942838
767975383
767992399
768025734
768029533
768050343
768311585
768864260
768865838
768982651
769000532
769006112
769170714
769206647
769216718
769325404
769341981
769362946
769423415
769488723
769495676
769671281
770050642
770330035
770426741
770742582
770920371
770945579
770977998
771023061
771069994
771093805
771240715
771676361
771679529
771748176
771750797
771842322
771870921
771915729
771987436
772177097
772189252
772367935
772380245
772867941
773003664
773053456
773089257
773133445
773239171
773311601
773340976
773355859
773461711
773518227
773553260
773962839
774041448
774168402
774175450
774450401
774725324
774845103
774907084
774921142
774938885
774956729
774973444
775017575
775110400
775132145
775320898
775367357
775524193
775732676
775765799
775893687
775929662
775986524
776016966
776141558
776256639
776327194
776422020
776515081
776606571
776752078
776752937
776762723
776991837
777013872
777140049
777418375
777423169
777748053
777861398
777874545
778024334
778074236
778157715
778206533
778242627
778246793
778457033
778557529
778560433
778809325
778908478
778949257
779206297
779374860
779475087
779477585
779584655
779743801
779907400
779952588
780164703
780183295
780231686
780232613
780338256
780499082
780503019
780511049
780752886
780972914
781011899
781199853
781222575
781342186
781479521
781707593
781835200
781849859
781856543
781911467
782164829
782354703
782416688
782466377
782502554
782705071
782719122
782855772
782871791
782933150
783195998
783337546
783480891
783756754
783828334
783903929
783926195
784101239
784161506
784213432
784229558
784405744
784474436
784608240
784891136
784950561
784955033
785037691
785044385
785171751
785245813
785333361
785344469
785510166
785621962
785630805
785852687
786102767
786112485
786120399
786189879
786203441
786271078
786420506
786809391
787000676
787024179
787079615
787142800
787380856
787468996
787482040
787556483
787596863
787618158
787686638
787771451
787970450
788035846
788040349
788127817
788235608
788268128
788357752
788530028
788546455
788732234
788850180
788865272
789114023
789164421
789271260
789496333
789681543
789762251
789843951
789891539
789914640
789932328
789971642
790220392
790366577
790383926
790536227
790761642
791538095
791747646
791766176
791787436
791867424
791946802
792010885
792025648
792069311
792161929
792281293
792383952
792406127
792770260
792842320
793013926
793092387
793267690
793330246
793428430
793439496
793466014
793467167
793697542
793714869
793731270
793941174
793970391
794052355
794065836
794076732
794281670
794536689
794616228
794642932
794668516
794668912
794869116
794896824
794930052
795008919
795019814
795072703
795219308
795595759
795656182
795785573
795791787
796105577
796105881
796150277
796391887
796442871
796465097
796740784
796771525
796797141
796801414
796814931
796928142
797010451
797088439
797117199
797262844
797385791
797470191
797478782
797518464
797693282
797904124
798152738
798296354
798352664
798369963
798492872
798505887
798602576
798608116
798662179
798667488
798833836
799018827
799032050
799162844
799189309
799215903
799216476
799284688
799304774
799611032
799655969
799704795
799775837
800000100
800021523
800036808
800041600
800218226
800241036
800255743
800291583
800463155
800479777
800859102
801049042
801061472
801135741
801143629
801459427
801560606
801639511
801715342
801720318
801750100
801777571
801790509
801892169
801898480
802058648
802067933
802254229
802346617
802408843
802494852
802548197
802549486
802711341
803081713
803090827
803123731
803335848
803336771
803513802
803812135
803826035
803899324
803949377
803963244
804035588
804063293
804090531
804151619
804563146
804595075
804624265
804627217
804716726
804816277
804908386
805007389
805008132
805099994
805324740
805448448
805573665
805584353
805600233
805785355
805788273
805874010
805881844
805886040
805888204
805982617
806289282
806387293
806427484
806582885
806656443
806757113
806873443
806890357
807024253
807062267
807090517
807156582
807216743
807613493
807800320
807819132
808004757
808013312
808039571
808105192
808210435
808316904
808560534
808699561
808866934
808882366
809081904
809121657
809156383
809214690
809368131
809395782
809443133
809457543
809468926
809502141
809577341
809634217
809780278
810315517
810438211
810547819
810630150
810634861
810667879
810691422
810791297
810799484
810975788
811063255
811556838
811763208
811874846
811880085
811923392
811926588
811961878
812116702
812221709
812315065
812407262
812535538
812684260
812719253
812723230
812741815
812838686
812858077
812889872
812901376
813049857
813090410
813104649
813112359
813218864
813316758
813363216
813445938
813451881
813473880
813567091
813665654
813701408
813714507
813778457
813793214
813841267
813906516
813942384
813974821
814013083
814151660
814228621
814248247
814257634
814318835
814350877
814442451
814490456
814523095
814578548
814664209
814672571
814683889
814977173
814980296
815063792
815295954
815505263
815852876
816167421
816215291
816324825
816525866
816654907
816709701
816799174
816829179
817035613
817187165
817330056
817422294
817461778
817495376
817564043
817683530
817832034
818323984
818328148
818490501
818838292
818857184
819050483
819114500
819179149
819561645
819674611
819847200
819903544
819969077
820320669
820508173
820725746
820823865
820946888
821007996
821091859
821145513
821213323
821356460
821391919
821661821
821826861
822006470
822104290
822313660
822336507
822347830
822355909
822363190
822370356
822381450
822524647
822698306
822849390
822879062
822909703
823120406
823126466
823226554
823328739
823400089
823469005
823663834
823726170
823844477
823951201
824029619
824632526
824787305
824841353
824843701
824895615
824966513
825072791
825266474
825373337
825711916
825864203
825906568
826021665
826138105
826174291
826190046
826254553
826326526
826380836
826422779
826430310
826523782
826529570
826618507
826786821
826807160
826843602
827023828
827025243
827106112
827288511
827430678
827456348
827569942
827674101
827710961
827949104
828117353
828153708
828288113
828401182
828492508
828519446
828708756
828757202
828785537
828829416
828907813
828913512
828923998
829071571
829102623
829144723
829152153
829212201
829295338
829335806
829511868
829818980
830091590
830401139
830435612
830447793
830596124
830644785
830704205
831154686
831304550
831406628
831531981
831602631
831640293
831799022
831857301
832112205
832128037
832245972
832386482
832427453
832509170
832781991
832786272
832806857
832845021
832906587
833038799
833100444
833103393
833151584
833254951
833404090
833492581
833899504
833951458
834018548
834226016
834368856
834440179
834623305
834837831
834971241
834992185
835054243
835271319
835389067
835649881
835768693
835830533
835871408
835884807
836238967
836402461
836558748
836593817
836604781
836666075
836728746
836842244
837084720
837086656
837181471
837207811
837409800
837451131
837483038
837501138
837510263
837564961
837680907
837685579
837742455
837767992
837782168
837799313
837823310
838109987
838174240
838194461
838249411
838265512
838427972
838436442
838464062
838528195
838653083
838730464
838754594
839009051
839205259
839291923
839401555
839434968
839463088
839704117
839718928
839731303
839786803
840606018
840677524
840691632
841002136
841052945
841139190
841221686
841298672
841335218
841349848
841384989
841416444
841498167
842107823
842114944
842173966
842279346
842522784
842584097
842625456
842699536
842775581
842776473
842889306
843282751
843309276
843333422
843369202
843648485
843673807
843744680
843807332
843810493
843834410
843890970
843906162
844038311
844136717
844277777
844541478
844635161
844697799
844766967
844943071
845114435
845168832
845316224
845560064
845843978
845898760
846122969
846205732
846277313
846310594
846816125
846826642
846842486
846901475
846964488
846971181
847303472
847314538
847441840
847740949
847751072
847900903
848119780
848207883
848219021
848314118
848411934
848863354
848902764
848917061
848932087
849025323
849032592
849256222
849317376
849317385
849437742
849524194
849627164
849703933
849935246
850108058
850121484
850241950
850319964
850364860
850484465
850523285
850567657
850721123
850749688
850806802
850916862
850964513
851034295
851134140
851356237
851372748
851550060
851564364
851578573
851623437
851778369
851780639
851783555
851857199
851895740
851940807
852102555
852299093
852423683
852503510
852799693
852887389
852966178
852993223
853086129
853103699
853125612
853164020
853355694
853590383
853692110
853713967
853840702
854118118
854132529
854200531
854224673
854463682
854534617
854572622
854690612
854712083
854737675
854775607
854831687
854857139
854969157
854992303
855015740
855099983
855163572
855177641
855184258
855207645
855282372
855329408
855347547
855487175
855688317
855867321
855876496
855891996
856034121
856241684
856251665
856308901
856471938
856516895
856588321
856613910
856767094
857007450
857148973
857161452
857194781
857369730
857445836
857741724
857903103
858067658
858369271
858483053
858516760
858594411
858635513
858869964
858897928
858961787
858966650
859022508
859082938
859221327
859301648
859329268
859405744
859480300
859511472
859552470
859559682
859822980
859878551
860116606
860422698
860609143
860697618
860775845
860834826
860856425
860867474
861101326
861146269
861264609
861281680
861332110
861565627
861569993
861903728
861961418
862136383
862298414
862323540
862335025
862379449
862469127
862473462
862484307
862895421
862976015
863035614
863113182
863207245
863303642
863436492
863437084
863443798
863514368
863599249
863690860
863850383
863961141
863980548
864074635
864075178
864155510
864242496
864359566
864754409
864769222
865172937
865265890
865272219
865443036
865471308
865826503
865923389
865970175
866091581
866214856
866246813
866253921
866259904
866326231
866366757
866401713
866450507
866475236
866588471
866768377
866837061
867026379
867199197
867375230
867401812
867436638
867538613
867718359
868171686
868333473
868347194
868410502
868474906
868547775
868554001
868754659
868873711
869136427
869295804
869325873
869335070
869342817
869425543
869637119
869741666
869903304
869966190
870034723
870140414
870205953
870295442
870438967
870534917
870546689
870627439
870867086
870902233
870968758
870977071
870977821
871460288
871489062
871569255
871573872
871654951
871740390
871773879
871915605
872053597
872229100
872284982
872325061
872337854
872385354
872421722
872526992
872570788
872766901
872852526
873047737
873133621
873146833
873256136
873277814
873416844
873423802
873726213
873829877
874014601
874070271
874095663
874201848
874319403
874360893
874456804
874470715
874746756
874770701
874810493
874961840
874969088
875044650
875094874
875102874
875103518
875105112
875109679
875164263
875177052
875625638
875627887
875720871
875765469
875946674
876199736
876220698
876319435
876322048
876333609
876446454
876456789
876553227
876587059
876685222
876696283
876724039
876776092
876813680
876910915
877089733
877148176
877197470
877341980
877354409
877475684
877638473
877641173
877942762
877950717
878021230
878030760
878053362
878136770
878307033
878360988
878384385
878400077
878600015
878646281
878713954
878720719
878797252
878882842
878935438
879051864
879121749
879229534
879290119
879418836
879499811
879582659
879643956
879645200
879728964
879912761
879996106
880241260
880420925
880497068
880591189
880787317
880884616
880904622
880922841
881101710
881458906
881601172
881957489
882081066
882516495
882765623
882973636
883000195
883010508
883047332
883050588
883085688
883139545
883254780
883272128
883339256
883351560
883430372
883536254
883538901
883587023
883599601
883629220
883644321
883730662
883816877
884255425
884470261
884586367
884680506
884959267
885334387
885557212
885711661
886252803
886263452
886270590
886289949
886339978
886406318
886597237
886600820
886643317
886677333
886748222
887136872
887234056
887361600
887368813
887549179
887625669
887696237
887982779
888033460
888096797
888168660
888406834
888415763
888476424
888479779
888587386
888666267
888692484
888741572
888798885
888819133
888858284
888864168
888922052
889170553
889200512
889235662
889400214
889459814
889507066
889598288
889994872
890209827
890262340
890286316
890346819
890369836
890559693
890643429
890837851
890855499
890941154
891016635
891212511
891226883
891355425
891482347
891648986
891733283
891771763
891789415
891902279
892245256
892323672
892346326
892380469
892421779
892453394
892466360
892619389
892703470
892830936
892865236
892906214
892963928
893312391
893445685
893622526
893652152
893799605
893939148
894282215
894338614
894459396
894517921
894544689
894628303
894892825
894931512
895035914
895041985
895285898
895448867
895449129
895564709
895656457
895783469
895979882
896287542
896329601
896391638
896509030
896515063
896605712
896613743
896660494
896726526
896761301
896917302
896943121
897380989
897389882
897811893
897901210
897948571
898130521
898258994
898347232
898412449
898539136
898556470
898566054
898739659
898763238
898843477
898960234
899014118
899181128
899246439
899251450
899259031
899289768
899315727
899319993
899353461
899803008
900014872
900121339
900159826
900178878
900481035
900541232
900581877
900590948
901027898
901164884
901220914
901237966
901329059
901412708
901729453
901794437
901872991
901890459
901956427
901974743
902025701
902258825
902299005
902319681
902397715
902559551
902685647
902735268
902953715
902967419
903010336
903057907
903134819
903208515
903341609
903371110
903488372
903613538
903776959
904126637
904243971
904340297
904368344
904676490
904713611
904833069
904988246
905141956
905172636
905461758
905526458
905579737
905607983
905801921
905815926
906016004
906231007
906468365
906502221
906523812
906585036
906672888
906729832
907242410
907244059
907447973
907546712
907699812
907708993
907738984
907751964
908004332
908072807
908275479
908333913
908399595
908418662
908559409
908614471
908674058
908716652
908732310
908789317
908890253
908897951
908968685
909018573
909060040
909132153
909208490
909254802
909278045
909293761
909339285
909415098
909775441
909780795
909784354
909802132
909901056
909923140
909971593
910099650
910528244
910756663
910762931
910780618
911125902
911338761
911507419
911554079
911580334
911634626
911925978
912086785
912415354
912595902
912619754
912651474
912680586
912763555
912987524
913158043
913194560
913236301
913482904
913674961
914012997
914023934
914054854
914186481
914228640
914479767
914658481
914862137
914867579
915065665
915260432
915277763
915359221
915444502
915456083
915843021
915974353
915988658
916179578
916340908
916346003
916370209
916467479
916571021
916738654
916818420
916904261
916977381
917043732
917096857
917426011
917514960
917572290
917592092
917718072
918066241
918364836
918385955
918670385
918917151
918928793
918930003
919052866
919116085
919156357
919179788
919616033
919637927
919660481
919858920
919915072
919924831
920031647
920036426
920040162
920414673
920508333
920515258
920659631
920714382
920768812
920901927
921026950
921033483
921118994
921154537
921318668
921495905
921585215
921845574
921943253
921991413
922002860
922023264
922046132
922055024
922086127
922125940
922220246
922415998
922425693
922877182
922880785
922892237
922945659
923998076
924112496
924216040
924224798
924353538
924360139
924440139
924531407
924612389
924727831
924974998
925067405
925119546
925291543
925395893
925486201
925581052
925650656
925698491
926024986
926091614
926258078
926537051
926837453
926841139
926955340
927414773
927416426
927418663
927471122
927627942
927640674
928012760
928203243
928208289
928327793
928331218
928387458
928400198
928405273
928517216
928532059
928535356
928720885
928753935
928959279
929045448
929073726
929165602
929189244
929253871
929354535
929448007
929866461
929901045
930098828
930282491
930540323
930702057
930743666
930831029
931036720
931385216
931589874
931652646
931704533
931815641
931833119
932101565
932294730
932477704
932737898
932893132
933123773
933189193
933219342
933256003
933371763
933553941
933709112
933713362
933848499
933966446
934081424
934162857
934178946
934197471
934270809
934353417
934465075
934640874
934885821
934926505
935018829
935093016
935125826
935188014
935529373
935553356
935598758
935717270
935732733
935840091
935960582
936092685
936100625
936152637
936224585
936537932
936947555
937020783
937071424
937190291
937227538
937334197
937402452
937429647
937611095
937613604
937693587
937806580
937870526
937990489
938005297
938140041
938243695
938305699
938385435
938488083
938493768
938499957
938616664
938721455
938799114
939046071
939284288
939309844
939312563
939520645
939525555
939560793
939622460
939697293
939741941
939929548
939941072
940259776
940293580
940442492
940699284
940890835
940913655
941061385
941092021
941236041
941513251
941743089
941755528
942151020
942232515
942281054
942415538
942459364
942463202
942545321
942608821
942691903
942707297
942837774
942885095
942918114
943061471
943139723
943225654
943314855
943331352
943356674
943565887
943584576
943709831
943981169
944030941
944040001
944258452
944448212
944465791
944479411
944569743
944774769
944838199
944975668
945076103
945256564
945257038
945340824
945416751
945560149
945653143
945756336
946052237
946061462
946071382
946132241
946417002
946423698
946428976
946676043
946682995
946691505
946700830
946718809
946738666
946847108
947033753
947081517
947090363
947305472
947307117
947332553
947411220
947549353
947616657
947700980
947771682
947785024
947838610
947949547
948129228
948153889
948156390
948339776
948375286
948469825
948474775
948585028
948696017
948704119
948750953
948936561
948951031
949147636
949166946
949266564
949337510
949420388
949447203
949499541
949515266
949627516
949666591
949747946
949829179
949932058
950195371
950294812
950416844
950481725
950536567
950537217
950563064
950578799
950780359
950834134
950947249
951209260
951227768
951284444
951286328
951330494
951361434
951361944
951453025
951458547
951620177
951682370
951697602
951743529
951937384
952091683
952106498
952199209
952321923
952337514
952349067
952360229
952525741
952539849
952576439
952756275
952785513
953000318
953032161
953038571
953071523
953263368
953365837
953661804
953672294
953766714
953818458
953916653
953936519
953971524
954202822
954308167
954363877
954510019
954797591
954928031
954987878
955048116
955086439
955091472
955142925
955324193
955335341
955416113
955584086
955931891
955997857
956158511
956207586
956363707
956376211
956395733
956515778
956678078
956693580
956724128
956779217
957171269
957230949
957247087
957503478
957593447
957646971
957721198
957744880
957843629
957845093
957936598
958002660
958213890
958309336
958366826
958371714
958409168
958465044
958572672
958672449
958800833
958912574
958913632
958972676
959038496
959050234
959215501
959743791
959881887
960007034
960028571
960145036
960327324
960422507
960480119
960612861
960652839
960761431
960804498
960810599
960824646
960839137
960957130
960963109
960974708
961147792
961300545
961345354
961368128
961489938
961696119
961960212
962368261
962416965
962715239
962772747
962804623
963038318
963083240
963139383
963167280
963213295
963331299
963365205
963443944
963504246
963599734
963650292
963744038
963767902
963816075
963822780
964009265
964030645
964067482
964353177
964355900
964436063
964727636
964902155
964933938
965111995
965212740
965318241
965319196
965438918
965565739
965653197
965715585
965864056
965895676
965935448
966050946
966153942
966305257
966500319
966550815
966585939
966629921
966683577
966876940
966883408
966885913
967150089
967209791
967230895
967297859
967311864
967516404
967601971
967607201
967771186
967911507
968162107
968320820
968339062
968362210
968403056
968521644
968591536
968788048
968791248
968867310
969022684
969041327
969108462
969165840
969263332
969268654
969416851
969444069
969496634
969503388
970063305
970083816
970102195
970128475
970165086
970170707
970251647
970252312
970537021
970616137
970621738
970643872
970752082
970763068
970946522
971034799
971245956
971468188
971504555
971862289
971995408
972140817
972292935
972379820
972502439
972817868
972827663
972843299
972931865
973046304
973057819
973199023
973199336
973274023
973287925
973326729
973458508
973628334
973721280
973728037
973728062
973835446
973875161
973914642
973916804
974031347
974287985
974332146
974447342
974718152
974854292
974888878
974915983
975087547
975215341
975234981
975432822
975465761
975601322
975812412
975875410
976137665
976465680
976474450
976700090
976742137
976984376
976999399
977018624
977099448
977140614
977171266
977200321
977304872
977317809
977354456
977407198
977426386
977631173
977664269
977925618
977929620
977931231
977982866
977994465
978244987
978306331
978644317
978668929
978922351
979057813
979152416
979472518
979523262
979664491
979665071
979791748
979793454
979835161
979921314
980004777
980018631
980060974
980149354
980205693
980496921
980527947
980680489
980681378
980753960
980851772
981006813
981198832
981362600
981393010
981467389
981596708
981922235
982056256
982096090
982100979
982136184
982148944
982175827
982275133
982282873
982426996
982436317
982468336
982492248
982564092
982628064
982817549
982924058
982994891
983001350
983097829
983220176
983300382
983381693
983394382
983401979
983627680
983684767
983765888
983799892
983818478
983905379
983969336
984052114
984056233
984265157
984445966
984553723
984677580
984678183
984807974
984846693
984897114
985004671
985042791
985076091
985253666
985323159
985401443
985423299
985482552
985489953
985801157
985866964
986047335
986123374
986180128
986387139
986729632
986790146
986843369
986885516
986919057
987116310
987254873
987453683
987514066
987553154
987739524
987987184
988152271
988157681
988165924
988693358
988874061
988884296
989072999
989206861
989217754
989349759
989393116
989409995
989415512
989450976
989459787
989476987
989494851
989727036
989836413
989939867
990081178
990099947
990105545
990212269
990307626
990359690
990459316
990529001
990721595
991115015
991159781
991185467
991348852
991352113
991384225
991543130
991558694
991578830
991744748
991788013
991849275
991954721
992092023
992107947
992162094
992207685
992221240
992308145
992488737
992495537
992645472
992865623
992881115
992932488
993059755
993139965
993442259
993563894
993653285
993728485
993762320
993857917
993975982
993976391
994084776
994094938
994108574
994119774
994322182
994332826
994338056
994388790
994428580
994456266
994474526
994539452
994543249
994689327
994822377
994890026
995137620
995307193
995466962
995554171
995591905
995809582
995902297
996041939
996064526
996261798
996348309
996469179
996508858
996584447
996677554
996975951
997022782
997057553
997138685
997223574
997332119
997350645
997358150
997415561
997417647
997445875
997616645
997669438
997891003
997946163
998024277
998091252
998142945
998272504
998292647
998448236
998658120
998769103
998830081
998926837
999022583
999214680
999339930
999402828
999457232
999539374
999742397
999828343
999880427
999970871
