303339607
266856935
359826683
17335465
197807144
906468365
874014601
836666075
918670385
997616645
564481958
801715342
599693098
200445896
950294812
715651772
600992921
138567181
334265824
888666267
108806604
232447193
413647222
903371110
383292711
730515482
822381450
417717039
463098486
775320898
960007034
50412375
777874545
361041151
216399257
880884616
220500282
238479128
87998081
11837831
773133445
543034729
570608726
890286316
629481390
574926251
289955385
329749895
69476015
575351065
267477651
895041985
366150819
822879062
897901210
960145036
343863192
880787317
668627744
614191920
360716249
850364860
189185586
30324195
653741019
921943253
854775607
575935410
898347232
806656443
206982092
430832413
714392051
703441952
795072703
752442719
344003474
256458272
421919938
364516567
144325282
979057813
351547847
918917151
103746160
856588321
794536689
736000556
128732894
982817549
633289740
491753804
423802989
41858065
998292647
755216150
420673616
808882366
807156582
55988915
669999647
748581111
348010776
164442798
935717270
576347517
746803991
731832865
467393756
536389724
714198857
771023061
402889396
467975090
659035519
109948554
20415948
991543130
27244811
328749252
28516000
222838618
599541157
872229100
416185702
848119780
937071424
717116758
759608329
643028789
375739103
86766985
957936598
472566907
461677333
127873440
234788582
796801414
793330246
103147642
372718024
753946961
609049067
332434388
703731637
902685647
9409376
313826582
674255202
895564709
888864168
770330035
883644321
985866964
769362946
926841139
745882265
319844537
39205335
505494372
595042285
250677528
313866080
266995777
405433477
867026379
782719122
511194874
556305609
975465761
437249616
427926607
539250478
874456804
49598442
298571426
450376356
968362210
210959741
574673978
419632695
354218096
797088439
735073244
92962060
385403487
987987184
644820727
493667242
337722846
46725431
278627856
132608489
909339285
705576546
178840702
608851747
275156560
395953425
252037149
159387210
297912049
913236301
266243596
693145128
446810971
633968793
126027623
182608932
314760951
835871408
35715616
42741052
608298679
714115724
123917728
305330290
939697293
748591269
271561081
876724039
989206861
361453221
716727184
112970887
755535629
595998847
983300382
401984864
636928565
119730207
310040770
630255542
455810048
856241684
567380749
169265618
468086771
921118994
84869999
166993084
261158848
303584386
767388889
175985439
88862274
997445875
275667779
59407619
167745259
19571483
847751072
20041401
966585939
459984715
426422797
795791787
91523811
244068971
404863602
696886055
201560540
656236537
247754902
94271478
997057553
272014700
751126318
49008003
686184920
782416688
46258401
275288435
705337930
111841284
49019228
29678102
554549971
18226560
264939663
183957767
471276926
589820209
731127165
586484808
287342329
611417847
135791013
675582491
702405835
723511200
911925978
404634300
900541232
545724322
471585148
477678725
448827785
817564043
348374403
950834134
824632526
345528517
475817310
37760163
442434695
469909783
197330652
709844972
900481035
429234548
419016313
664804059
343033455
395072780
17541849
362010525
445310552
720297038
920515258
421035656
652574580
949627516
187003621
55511529
90935872
438466310
135731140
113466138
504826935
241695398
618666681
396840341
700199069
483683437
643214057
983969336
397348542
540830138
147599034
908614471
588726661
545127755
632408398
811063255
47593056
89407374
46872880
102640078
819903544
105237392
563086336
970170707
881601172
232245308
235676584
507827605
749581568
837207811
243778521
746533390
305577344
508251752
286114586
30694226
452712522
68483474
210649849
157968880
435239102
102260616
46875793
549590472
951453025
994388790
566789599
964030645
564908733
794930052
810667879
925291543
438265823
681904731
844943071
137370098
970252312
378803312
72798954
860609143
324235914
796771525
382735165
884470261
3656
750333932
76249821
776256639
855487175
992645472
930831029
378509898
894338614
942918114
458686391
787000676
113499067
454627935
235558410
398040767
720653278
610061475
506641229
890837851
105842763
137063231
764227198
549336055
966550815
758100039
99382777
753634938
880241260
835649881
491495895
961300545
797385791
66914050
143502100
667605751
310886425
396699416
381531127
832906587
543404420
21511857
866475236
840677524
89424265
10938000
436438301
64507016
890369836
701726754
668434698
942885095
325256433
496658425
853103699
488442297
56912273
509680734
788865272
758679115
317244585
684432276
273189114
433903374
903010336
365611848
32858319
393400363
386072762
617233261
441451075
779743801
343529823
989494851
919116085
53181532
851857199
609986125
314406583
281129468
237698914
392406252
964067482
949499541
532542446
60848253
172189297
14579227
589429386
618798425
371013903
785044385
894628303
850523285
791766176
532016355
259838713
101473731
844697799
893652152
994474526
270232310
488593852
625278378
322685338
138018719
664236426
975087547
642325351
641296499
961696119
683542100
74219156
145081283
47948911
460837315
898556470
249005790
186376357
124329280
7414629
272838182
318319111
153001905
706469340
869335070
940890835
777140049
699488408
613209606
899251450
630312978
624558326
181735549
946738666
415432510
691025565
678172776
629694206
284397172
381863450
64543529
338733145
931833119
231121034
519203184
348440997
328243176
552363053
984677580
330560263
650831019
349200569
534353952
908716652
689512888
148418151
477947991
167011616
574544600
983684767
124052821
443543295
781835200
227934603
914054854
456074892
543859306
806289282
180321876
85161710
306161138
234991565
967311864
952525741
654866845
171513128
101929898
228415996
410154027
223163251
421871493
513780275
290246835
599430323
442658394
284096803
304623645
328204327
118204116
204197820
473373606
2166684
515892104
24067789
166675466
695841474
455475067
81809010
397456795
621094300
996975951
460269264
551843336
118455029
186222536
779475087
836604781
103466341
201139252
130934016
20582364
946682995
854690612
993762320
373161488
523877694
648500140
977317809
878935438
862469127
84881517
509824209
173877024
822524647
932101565
718979778
716272992
662445830
228961189
600710749
70650484
17737146
39449152
532787483
108273026
588936244
766886374
749029157
290612084
764985368
400574674
952756275
766434864
151997155
462856632
730129370
538528196
948951031
914658481
542952559
821661821
526980820
383398755
115483982
808699561
775929662
192014458
175200289
973287925
138951306
519573750
574071794
961147792
58555403
82251709
753050960
293233650
824843701
472611280
412803323
313449337
751903637
880922841
189198757
14437536
226322428
883629220
767691058
494209356
403636906
681295283
846310594
875044650
412636549
879229534
276858612
907242410
31656675
908897951
609263703
582694697
6004172
953766714
905526458
547905287
745590088
23063882
921845574
953365837
366998458
320161355
442318833
564944988
914862137
387249278
599529519
531003175
896515063
47309880
453835863
854534617
990081178
210764489
968788048
906523812
841052945
640720208
451773850
666333516
80062255
188635075
479662113
261951214
385555938
294614143
320367088
463853290
492107151
135742869
419216131
997669438
95803459
739339828
7322989
352320889
614380867
646056615
292054390
851895740
129546880
18976170
464369038
37682925
971504555
544890815
549445683
427619533
525321467
353610967
211380073
161233342
883599601
586697711
292860681
98781960
572517898
401890837
386839043
866326231
62908836
289723006
569022227
300299371
425305879
949932058
534201803
120530205
297305326
631297081
93067504
888479779
109455662
439926797
115551348
763089551
593817473
815852876
259603151
165164626
384200909
645192538
584186345
432393112
681648900
338152152
383680051
100268519
862473462
371481881
639615888
885557212
518459387
591160629
447281991
799215903
452322054
109903939
586854782
468802360
638385104
831154686
956395733
892245256
763992460
750993625
196283983
146502411
617210530
354270843
343113964
958913632
412322548
468259543
444487497
226613230
354600885
223889798
145209596
894544689
399037826
695512598
595072523
220338125
391191675
915277763
43883636
778157715
155130410
859559682
970763068
318764594
52662255
78228900
809156383
309691261
291559006
725669143
593263994
323458151
750846919
427217914
607538543
796814931
306159149
275198814
55642796
501643316
243473311
267324594
940913655
656475061
375574929
276861828
158105148
953672294
826326526
508857018
415679288
285769037
787618158
449632250
34052662
114454807
247769714
168720489
599581860
111467007
164948505
255100756
99993134
104195432
617407513
401991045
782705071
118041888
823469005
434330852
320181500
770742582
130323963
362121685
896329601
337748214
178255243
715808582
714005236
529273097
391099353
696588330
98491678
737273571
240603341
80400510
147871840
14016355
701497159
282276484
946061462
357199466
715817846
418849075
278858083
7757394
891648986
104543257
214418247
381986552
660618065
838436442
589776066
782164829
662031078
793970391
441205611
631465500
417304479
686540331
513253273
693924193
878600015
783828334
75766073
879582659
156682062
569798998
361263458
409645295
431037394
723577346
419245416
22569233
130758008
748377123
736932367
262872894
962772747
336273484
520263438
899277
325590355
380528924
959881887
520280013
523612672
295529788
962715239
290383979
431766605
277300604
505494449
342912823
774973444
724289795
304133866
485242123
307633548
888587386
717611381
773962839
120999063
531081650
460509066
786271078
612946043
645574515
992881115
50802615
198397386
237914562
534068287
492388409
800036808
326929596
238564754
477436883
639392284
436599627
67222798
667518794
666871860
343714553
467839144
733352639
942545321
643421775
913482904
272042170
30820130
338950190
131044999
128495841
229590029
567196697
552387701
573677546
10582319
367827071
730195220
559316299
329358028
574068431
355880086
358400926
473429959
662412670
42115204
642209975
863514368
589249394
758779530
955142925
608898652
793714869
199401391
863035614
539067667
414848379
467450183
625578444
78147068
816525866
76719457
532710231
711916687
45835473
325669997
347690597
946052237
320320041
18112020
733350092
144485382
664774500
539873661
666075827
487655341
434554005
157555187
924112496
585602615
149192186
470231751
826786821
574048007
37664479
290423209
613169363
691855255
275511810
860775845
523704976
285755770
455807685
866091581
913194560
130006216
508223996
247784124
315367042
274027177
183881153
79424574
284955747
59505114
677657880
695303608
381742726
330518748
855015740
853713967
478286896
79888583
354462483
33404995
896660494
303368433
243403554
244291894
861903728
149910693
94732850
153688790
11231563
450353822
571784009
893445685
421802951
95386155
672400118
819847200
614465311
878720719
308473652
714177432
674909305
263683919
328099424
960480119
556222849
50621665
854992303
472049288
189610599
104609524
734642512
842625456
86155324
285169291
776752937
5787457
175495532
364580463
155289952
385884097
738559843
511164183
507517802
783756754
612239602
415035248
805886040
928208289
989450976
269531517
616452551
177826404
149680872
833899504
374088351
6374737
704735971
917043732
99284409
413060869
2582135
702494033
690842435
800000100
507474291
526892243
731688977
808560534
209679501
584951329
541218849
444385822
300918502
59481688
375238523
172498008
36445033
15984321
220890284
453317400
595499714
760628737
569903844
837086656
402447557
281282657
733152268
398159134
490456884
433261555
848207883
41197249
809502141
603562854
608316923
627552895
620501826
874360893
162333837
207316956
767128019
636007864
526595315
443489861
821007996
715039864
312562176
201927961
585008491
171251560
999022583
513950017
846971181
958409168
168849537
90276716
423047052
662441767
600959838
354047643
838174240
213994517
703508723
250196765
345046940
100815491
478776206
289687517
271631218
960963109
733069677
620138567
902967419
161177517
806427484
85806061
286135912
639612606
384254394
943356674
143522577
598904113
350390638
889235662
386082470
175496242
658008312
268452293
112724920
700729471
574618482
809395782
671309663
512498328
362613637
837510263
722039727
612795125
968867310
622612373
607215969
450716970
912987524
209864058
303414238
421761193
740475816
432959176
346471594
892619389
429537681
213212802
685079113
150592050
375230775
322844969
881101710
816829179
702800733
580535916
625951440
675471882
310216268
254162223
260747631
214589218
928405273
926955340
754355053
527400416
432486365
583791320
659048652
433783643
261193246
804090531
25701218
640895751
891226883
71768845
741765207
183925264
997138685
232054017
402818439
185915545
666970796
560403210
853692110
837767992
33712975
231352448
54928736
660274673
783480891
633258691
187930109
426126158
618462406
50806706
906672888
797478782
691768248
595556382
242643657
221685689
172824735
524010296
438364936
776606571
143072728
19657385
59397003
503032796
903134819
453587866
716583219
895783469
665794294
191153450
242352289
74173648
357392208
778206533
774845103
215475136
9894701
417925116
124442957
758397228
850916862
734911774
704497121
174046246
510104551
741271714
540788938
187008644
239418108
790366577
673596120
455517811
522241684
390752841
154010452
295394931
363296607
876333609
153678417
502477823
957744880
676179408
88680837
87540205
481849762
829212201
563872702
186163660
659248960
971034799
375836400
353453424
139255374
2954357
338510767
471551567
374753646
584020522
137307992
404416329
141373570
201450071
855867321
369820539
466774068
854224673
876319435
926258078
141638187
801720318
408643401
693388838
630603145
804908386
750296314
329258893
822313660
36531983
179586310
223638739
409275233
349516790
505414830
947090363
977018624
806387293
865826503
75354755
15347298
551969342
951286328
378159206
956724128
263291309
388092672
113214646
463829333
264105258
123123033
460031238
332692374
216277969
898412449
348207483
963504246
332500690
370947808
360795995
111582324
652319084
721472960
727364123
457108346
844766967
462416029
761575897
793267690
92381078
520035549
105658161
921033483
407762693
557583039
226657399
394400732
233565655
566307720
466543521
432161929
920036426
196713730
827430678
936100625
661205589
58386901
350350585
297256643
103869848
520362499
305032597
89087840
515379587
329241860
63274744
23179977
376296982
1411212
116292488
732454390
957593447
278257270
971862289
479843960
170396587
51619206
311744563
690105361
598736712
963443944
372924750
280733357
845843978
510906603
20443070
801790509
154349257
423251136
3260259
741327087
53059209
651456246
464653512
282644734
134585873
466304454
115346375
661650303
57885567
886270590
31588691
181185934
554915815
767027747
828708756
581120314
410162422
789496333
273259245
260770995
97747314
262103391
774938885
255762011
173249556
171045147
215599342
787468996
888096797
829511868
588030050
86021570
553762442
862379449
776762723
70668165
824841353
425584834
333102773
695345885
234834810
497161449
518493195
575639238
522475795
82253496
295307310
553901692
995902297
103313488
184802040
125164113
165118938
709557444
114405334
683555080
921495905
18429437
107973967
139614234
909254802
272301886
406933339
444103085
49057758
635588145
642813325
309052195
620504714
175315570
532913905
971995408
332338537
566351532
532485568
30873905
776327194
956363707
262202042
828401182
482124413
908968685
793439496
734089978
484909316
994543249
202236179
547796768
880497068
405291820
57052963
964727636
859552470
138292056
284979141
991788013
976999399
613094423
66972007
104422397
997946163
88855257
994094938
926537051
332214500
675251168
543402125
166072337
113120076
784891136
122476299
584435572
567871633
601861585
978244987
915260432
712646899
527386632
958371714
432964677
302059223
86045935
557056826
419431355
188424254
714249133
100980097
781222575
748850842
672748410
106926259
264184138
640299147
909901056
528164776
831799022
106368140
510537579
975432822
538094383
143178258
427954763
485090816
625105149
830435612
467358415
674608848
609852666
567024356
385181378
704973575
878053362
104959115
742793410
690251149
52200455
299225119
536511311
92682738
678828238
135150105
121250249
411653588
596819424
241896681
515242724
216405196
505853077
504230316
339560750
131257358
416923434
241870629
949266564
614975371
687573881
215354828
818328148
263014101
232864224
460091242
866401713
386672218
659698303
177606648
382518066
177942801
670141221
542658531
80012786
704522063
977200321
499341170
119457161
136493745
536145827
592306466
848863354
400859071
225088750
595377164
287235341
230443390
414158182
942151020
346314094
717641365
860697618
458855449
836238967
463909275
711151264
726336865
83415454
942608821
878030760
763124220
643562675
819179149
129050526
642190374
763931716
531784757
662321056
630465305
50529846
559525314
928959279
128609915
960957130
736638202
728666744
185515115
148312640
592788031
138480150
968320820
724756185
217763809
664997779
190732118
608167896
460461369
774168402
21238451
141496413
726026104
497144533
502312710
771093805
894517921
473981799
771679529
114386301
493093190
28030357
138072706
849935246
257125843
478670669
700099504
782502554
458376089
726747931
198234328
9765769
133539037
70051669
684471739
551785615
626578313
503520557
62218497
321692394
458302720
855688317
502911450
435762827
419845059
82199978
549106418
572302941
631900745
658660525
233410058
982056256
322763243
85194039
331602850
468917852
382553542
863690860
639097535
185314404
697747533
542761434
904833069
259059935
195687016
570907629
736899558
35037629
453417398
750947437
930282491
98956426
25566263
289477073
288134388
947771682
813793214
238038964
632214422
995809582
938005297
692060126
746420155
816654907
265938311
869637119
964902155
521401495
208177501
274737606
239318478
7758564
980527947
556364939
542659008
973916804
692289762
144702450
247824913
532870180
607174997
392114039
536763401
240490252
670562935
933189193
412370889
618144572
729536332
780511049
270366215
772177097
298249935
691041403
364121687
374803315
331223472
322402823
365915420
979523262
430331589
492450427
869136427
861281680
958213890
927416426
56143448
467252904
544256444
798352664
715362239
567209932
450712147
32576040
549322078
547550564
330329485
57813768
652021936
46850001
890643429
168884239
442207382
268641770
4429504
395243620
539342484
566018668
506044857
209886292
134119243
45728224
878400077
146840377
350264412
861101326
730181816
503274627
960974708
328598702
813841267
182125548
67369907
439719708
645204605
589410458
448328104
693813727
732351975
63017744
64281333
551513812
46350420
437565310
327337342
273023384
474780439
128519297
337856315
720590789
509097734
939622460
686082224
748160899
74667399
683974057
328539443
562964440
564294175
125797702
522035917
373280023
507011937
234740428
245649067
892963928
163738468
955931891
15965250
984056233
3197672
300236398
752171402
945340824
702669168
806890357
461045904
879912761
982492248
70472343
193950414
307451746
260150394
439730537
43220746
967297859
713367537
373378950
758000333
546187143
608496597
719668648
746935914
492562864
906585036
985482552
98675023
635213738
521156348
799032050
114982469
159102895
876813680
954363877
61627763
55771819
187823928
132245196
954987878
995591905
120856195
850567657
301309315
937334197
316340642
357384545
588645532
93175416
937693587
785171751
935093016
21268043
293123486
983381693
175114205
329739467
514422589
823844477
689453899
12000142
389644208
368430936
291035244
84768947
454466178
183664254
855282372
373297105
479435980
640205171
822909703
206030240
424234977
115013831
379538232
15895004
789271260
912763555
264492376
331356074
674040643
837685579
202210769
102879246
330183726
866450507
221249368
345073268
202961345
650712639
961489938
755313820
628778737
342864562
812719253
7154886
228296221
558648805
12104469
769423415
931704533
468214417
230756523
859822980
586119152
650090273
873256136
207790166
997417647
424450095
963083240
783926195
312840083
134671071
716601433
635736642
512176406
223058983
863207245
935840091
638422914
679086711
117204717
455812750
920031647
165593517
702825207
680216492
810691422
559451427
387477860
970128475
214708888
66392319
78810110
224947340
936947555
329951099
194545202
898739659
887136872
503712144
692859072
848902764
883000195
107585913
313350074
547099985
637463617
782871791
828923998
143873727
949747946
396545092
577961723
879290119
574765506
972502439
135976037
585945527
416158231
793466014
461461671
163023575
707120584
210421076
73742938
662146811
47164303
795595759
440974856
339254683
803812135
15465616
675966467
913158043
517272936
496354728
364047768
513093787
591819685
871740390
695907092
40102589
410564457
226251696
256124703
252662567
858961787
3046070
355371680
993139965
702111878
410197450
443403734
935960582
916571021
561416682
424209757
551610010
256904505
603250489
643890533
478402360
38755928
837799313
244343422
817683530
989476987
805573665
949337510
945076103
945756336
247415364
714431551
856034121
598458628
463709623
905172636
556645214
674982239
127270409
407998761
844038311
33193081
877341980
905815926
92985572
692575522
566886223
809121657
574191050
525516597
739599293
66863611
623060889
605329177
347846294
402081940
878021230
908674058
412830897
429650922
236793899
908732310
292203204
432845094
538053543
579397415
792281293
574826880
141364010
229789666
889459814
597930968
747616535
128366980
876220698
292174135
55675526
515950832
659571964
318887463
188979068
472176112
351437550
947332553
454981535
259410380
88921439
965565739
916346003
703107962
666355379
1161554
613188905
112538051
799704795
600755320
250422365
332939265
525629874
797904124
678393537
933219342
672213459
118332897
290340991
422155062
679469754
455616872
232066071
959743791
71011196
22146398
626764201
860867474
66206495
838194461
774956729
380959420
581277826
117963248
583936951
813714507
711285692
814664209
313733704
279389988
199959008
298521267
104256995
754507781
399242779
349258469
253063902
403963780
389686802
766832748
68415585
938721455
224514594
392950137
237252701
911634626
564473273
46317627
101719642
561055159
115735117
569101693
633558725
942459364
449461414
977929620
696462142
674803443
306636542
238103886
276678181
610753160
852299093
295528379
260581204
993857917
423842946
250965707
877950717
854712083
84539128
59664793
685143696
570303794
61574454
724419052
990359690
544887619
629973434
488613848
503422151
616799732
81554286
573097306
458083937
603168143
674526975
183068323
323139100
802067933
874201848
736880658
416453170
3597038
216574277
682332205
709259253
415924706
311581406
591173001
803090827
749021561
836558748
411517853
977426386
188050940
793697542
395653846
805008132
944838199
919637927
259869533
278379851
630381632
610238450
259521383
678257899
942463202
182371710
761430674
822363190
760509925
327913902
334650299
390122753
695039160
357046077
330391752
328675755
199512958
21806512
970752082
77309634
565307018
520925037
210173387
103860068
484169752
264706747
886597237
73259969
290190212
764014975
745349060
633690298
930743666
776016966
132443014
466204349
974854292
642814204
452256578
504514928
576831585
908399595
370366088
939284288
39181696
790536227
646860262
494464717
20189834
632928017
644055889
699461900
147642687
312988826
153116859
323818086
591758777
427653953
469107638
456644491
434995061
966885913
320382272
223071633
901220914
645203417
107143236
546725014
127012201
888922052
735658456
132377014
369441249
687385358
416399978
323589288
486693533
966305257
418679386
485076436
278238958
866366757
340542591
16065872
266371876
924440139
955048116
460302542
657828221
84825791
47046904
920768812
225998819
795019814
494174990
543609476
408587451
103343026
870034723
732975950
237984982
823400089
327375588
356849262
186541078
682385942
752107214
602396554
415787294
13976561
95864003
239864132
470740545
382271123
597175338
92251832
600786387
549385262
456035834
910099650
715623165
951361944
731372929
238804980
324613887
443879722
485726990
706039522
354142391
880591189
374303380
355452360
62652189
388631685
963744038
369968757
42944854
914023934
44053645
969444069
150188599
617899018
457965915
534764316
447821719
357141057
785510166
888798885
679408080
192172166
829818980
374312335
242539437
502099249
434053009
4244838
101362139
438392408
283962187
875177052
478248364
802058648
800041600
822698306
872421722
46276475
232875908
785037691
667337343
474058632
481788252
449412764
321366841
121110638
570186394
128345758
443158628
537024835
448090884
657296600
749634404
996064526
588929312
143208271
434484348
960761431
72391690
664703691
959215501
429245406
510081559
846964488
104984537
94131159
528382159
550777437
331530967
876776092
505835211
684095496
900178878
358351788
716204618
478828489
578843260
521186980
760308802
34932574
759245422
63813644
1937748
408730815
360526783
600245648
19392139
495081953
577180436
219606913
413470009
479573547
335391081
271748869
861146269
150051147
738868343
737971477
407682397
819561645
779206297
173567111
58428769
431934634
763219034
794896824
283198917
212775367
688700468
190835209
928720885
975215341
398793834
420987188
107201839
780231686
789762251
780752886
66203764
399176212
692185187
684159146
620253948
814672571
614295704
554370603
717925326
665661555
240981575
952576439
517271642
789891539
148562494
728950561
239524273
955086439
992162094
996041939
852887389
194236100
98555807
895979882
297049539
473268609
973046304
96398502
694602041
889598288
762872105
991744748
826021665
418094377
1788188
789971642
567923610
64847365
748531699
678799012
227294481
458589010
798602576
395440225
929165602
863303642
842279346
389897181
802254229
84803235
718382516
839205259
107622755
699751718
215692468
246776336
956158511
972843299
537762520
991384225
383039611
130143227
70832529
530901491
619263692
121590809
335352065
299356627
575429454
782466377
153928203
52893869
710410140
850108058
366894209
5817828
205550823
305797411
696038047
454550372
773089257
785344469
416775337
408693477
454576958
90612327
510422862
136240524
608260061
666170628
726816652
773311601
35450417
243733993
455218023
212727831
941061385
738348316
671625516
247846044
374856821
895035914
515860747
396501361
685660562
268594710
221295219
108482832
532656848
876446454
249197591
833151584
180203827
112399680
744319658
965653197
222674830
757949955
454419323
797262844
577628247
687905777
482004153
722132864
473832478
572499535
765136071
359849410
110220187
506729329
314769000
445020079
153832588
396362277
98318693
323735847
812116702
494496025
78285876
980060974
980496921
522251422
890209827
68694856
29727770
545836219
637064627
95080391
604379386
65211683
291881850
833100444
215130690
27182629
19900118
933256003
115867020
795008919
875946674
85228275
596994733
796465097
29352426
46528748
420425522
647196731
993563894
780338256
196914608
645586378
616567962
698788795
623937414
173746039
888692484
142806763
854132529
311352764
555571800
796391887
211102370
919156357
958309336
135683370
249100592
437489024
471881064
855891996
449746618
316910315
425933193
929866461
852423683
222098722
332271112
680801913
261659824
963331299
781479521
57603739
329394145
21256618
665545410
356568747
962368261
866588471
577809097
714213453
808316904
612932795
814523095
278768131
365391663
462252230
416216324
952539849
903613538
492942994
14687402
303022589
645121613
949829179
338968968
354534664
605196651
42172485
165242507
934162857
43776063
409069961
45355997
290748983
292751728
805888204
883050588
470890181
320601322
897380989
488893201
555634464
932477704
559113700
493635462
604472620
270245002
681965842
316149777
529716738
636197097
556342227
204182461
767942836
21989496
466138358
99306047
217967296
347476607
567037146
114125051
643326386
34438540
539411964
374793816
408610310
403517587
23987290
672799869
70827989
947305472
355837135
140776579
101247876
185875275
126665780
37232372
266837077
750975332
817035613
453879268
181268556
149723311
225792115
370599185
370508601
973057819
763355533
601157797
222421780
157614214
210205721
264635554
742311618
420022838
682330775
875765469
693644697
393414123
192387465
328935383
979152416
287234100
247270885
401798242
921154537
362552076
89894659
213320716
715612434
192298945
187377589
495333187
422818040
349718967
324438619
855099983
98709634
215125618
188557393
550407215
223768724
106369894
318960075
225256498
827674101
524992607
61660856
712658917
395133249
225992064
779584655
203998809
541695893
549267912
527623575
520454053
221582336
231569470
355412533
297571147
543124873
163952237
517199216
7964886
381488056
629233849
638664170
267500687
579543143
407459580
731127481
459816340
456510323
136674587
920040162
688359187
861264609
102331700
812684260
765274398
357904696
986729632
570157887
650641419
684177489
794616228
249678437
169004522
834623305
40817852
261481109
420253267
322351179
468919268
471809536
464548506
958912574
282644643
5100045
236389597
532896911
127963165
837564961
184872674
81736638
292624783
530390048
953032161
402356581
322505746
379901782
732416574
300930944
563984652
173863189
94267981
71779992
377732253
553936951
433752456
960612861
83746387
979835161
701994009
978668929
505522375
287657317
698486995
249060948
484494195
676720369
754281945
432034178
502791407
343156874
773239171
43629626
20598028
842889306
37801275
408126296
628133346
449089607
867436638
231023042
760076325
585196722
301604755
194058198
341915755
954202822
745976598
735079738
326389943
109873950
32997464
314846772
14160876
546845785
985323159
725750250
597647896
602491435
865172937
263473337
876553227
852102555
92313490
584156543
57557176
213775251
43571867
329156560
36630946
639530775
534036336
622758050
271128458
645247759
970946522
429353248
827949104
113660107
111125054
178169301
241808639
155726729
128473181
90098859
335954758
85774401
920508333
404798795
196728544
76841525
655108402
784161506
197673483
179400416
916738654
842699536
24094389
485680308
899319993
84557137
411100184
963650292
182982404
803513802
624812992
455396680
711996745
709996268
50373721
615647548
437633680
648182862
934640874
787970450
644912470
688816864
19875361
381136918
180060416
141362306
385913298
964353177
525392159
62652094
839786803
128738899
982924058
110946936
501766978
429625500
299347709
867538613
585268322
708517354
346876540
909923140
799216476
285330376
924974998
608497491
461544307
340399757
701043302
604996121
191263772
150972655
330026865
107381060
207946276
208202457
734791750
297880584
514065514
130351338
977140614
821391919
478299271
709383464
121505350
182643427
373814142
597573982
148560991
770920371
165197488
788530028
445363698
928327793
59943037
129353003
275965222
244603778
573153240
490669910
567137823
602738002
94152296
814490456
888858284
850319964
667392991
522092497
891212511
845316224
503795023
64844008
526194594
612318571
768864260
641965471
297288887
392575746
162046238
598586057
55926343
301073400
461309859
361618688
261259918
375386086
493436771
746342397
235187738
334411131
578014049
641680503
907699812
533128737
446853517
507653044
944569743
663059603
46303325
374584502
62786612
646171793
950195371
281675060
463443522
858869964
187456827
740521554
110319964
986843369
424459767
864074635
950416844
84411757
724093068
761085202
774907084
84759328
594682149
629194619
535039231
587827851
545097283
608114040
569458140
319297235
577287958
307937976
503615877
626279106
513299559
275183464
162271615
489182964
792025648
807024253
360275496
895285898
105207037
411905244
406048760
481022499
350955468
681052588
979921314
510125865
276299246
196393441
859221327
889170553
426667735
739936498
78045238
400318744
317415708
697406093
958572672
535218691
234649159
492071781
360091288
68573371
617465692
751434710
311721962
384103482
666718793
664799411
579012537
226594203
145014105
637016848
844277777
267749919
102817205
435382345
864075178
489708970
573727933
532909778
195302311
748500335
731328656
724272180
410382024
693849339
302082885
995307193
29780642
883272128
870205953
440036020
974915983
812535538
232879667
890346819
588895045
957171269
907546712
435652676
567048266
49834353
924531407
220339192
325537551
232322614
150012184
55359200
49764191
380634219
801049042
561033695
139941786
352407338
237981103
842522784
390557571
15515559
756249197
725284107
528685761
555100028
269046800
789843951
405373125
241337806
567345028
647943641
751942311
73120763
366630312
623043459
136737765
233531842
214826639
412528083
973199023
820725746
679271442
22343707
479236294
293304445
444636764
998142945
768982651
347475748
894282215
530232137
934178946
744907107
408623203
761207010
567345945
825266474
720576738
750793421
876322048
698413592
769671281
998272504
623708584
284392074
357130626
870534917
44765029
778074236
40311537
219292124
959050234
621723628
700360005
603658117
562218759
634474046
850964513
201618257
456733550
165889986
775986524
63799534
37494598
726998048
378581931
446867242
657832540
300879785
181834684
753299875
922002860
718018573
806582885
857194781
412968522
519413312
112367257
302741247
496717887
867401812
690154370
846205732
186929759
615403689
697973242
542780230
707884801
145678134
619325265
595735070
336771193
475984416
999339930
285851504
658200645
783195998
368796129
739128487
483856068
810438211
931589874
686769581
488449524
928203243
568369867
122123914
848314118
401243652
792842320
432538139
792770260
582208721
494299719
496542088
141243115
436314267
312569532
353786950
931815641
473390427
99154472
787142800
247205750
3338013
225201503
716845122
582979069
364091973
900590948
92162419
334114057
288444027
248034349
197671852
862136383
753597182
37810163
190990476
761724095
998448236
288096917
742901433
105752129
115885269
911125902
542190131
683378338
713312868
376649249
250226246
466376790
95198495
979665071
527211997
432198143
359566881
76487640
660042837
172704567
884680506
325081674
290000354
708654900
155407256
693053960
383393784
682747268
512207931
646596103
279626163
290797584
458044647
268457243
663381598
759768455
299182121
164262739
279099699
875625638
865970175
680619558
566970327
411533517
823726170
428881899
20809891
948469825
110401773
242021532
48261684
888819133
497825402
251376099
451026967
564379642
916977381
879051864
318990988
807800320
405172858
220747319
444444615
200800500
533593516
240101600
752643706
217958691
332200217
746915002
429457318
152086142
780164703
408995401
217987306
879728964
760502739
52908833
96363343
646338239
143721856
296951911
424913420
657427946
771842322
405440607
2210606
822849390
182545893
171600429
914012997
152814323
74058949
524553173
716591898
433879676
576236535
299516352
541575616
343667845
327577565
362208330
639273230
978306331
645557266
687587485
537483057
462622541
851783555
50622677
322590370
118170894
301467769
963167280
244329675
471643382
960327324
485049349
484617644
837501138
454685484
284526780
335593902
271306053
42886253
448138631
202079433
856251665
478178027
733493342
845898760
689346279
995137620
561238160
334994354
281027125
851778369
25612823
771870921
75399173
173203485
950536567
428992830
46153845
768865838
800241036
223728191
815505263
400199383
486774700
551505345
632508920
447776494
158267233
602644943
831406628
534304367
256765725
267557157
784474436
415344575
460168592
570440228
877475684
947949547
289224817
693639688
225573630
106593165
376876229
581208676
114464663
424264217
370719800
815063792
905801921
24550693
310324418
599444848
65506730
64684723
102740635
730453615
427684437
811926588
118023294
355901415
708291318
109392817
246643018
631271396
97115637
885334387
564019181
937429647
572724224
303590384
864155510
186617954
518147220
191002211
448879524
601132471
630062806
47967414
234165056
176451206
130778650
935598758
883730662
778908478
526811695
856767094
286282429
482502153
141334672
179163540
811763208
881957489
196826625
297017695
214403493
880420925
489297615
823126466
424609309
657531929
994539452
897948571
140452003
208138007
55325508
539868000
171588666
122754828
185821326
921991413
388315889
329663792
539782206
133867746
956207586
779477585
693769447
671890240
737241122
392303721
588229350
973274023
202749001
545335671
886406318
870627439
924216040
700114635
387207822
599027873
324596108
286275039
635170903
297172313
875103518
51566343
500434516
776991837
204630113
997415561
286778146
520782927
186100741
25165630
841139190
262070606
649251065
953263368
546825211
531776698
170121845
147739474
982175827
476241638
274819129
172344433
495547571
843744680
998830081
263138801
778557529
202413840
128869196
883047332
362408847
577240688
242944041
320360757
992932488
12332627
902735268
623175186
712065273
92001783
883538901
394577430
822370356
724935479
258280580
404427384
69626690
515607401
528055709
651959957
256620261
802548197
873133621
851940807
289269682
132434804
547677083
556823167
415080047
814013083
80361070
181745826
410147401
13181100
773340976
843807332
566441499
471887600
102336814
648238156
910780618
155128900
276062380
992221240
288728102
819050483
23237700
818323984
189886237
853086129
816167421
681814202
629849898
542199447
856471938
656084643
478084074
76396143
59071541
552215780
299407678
202915922
780503019
273577749
169330125
968791248
261393213
683847211
691073557
951284444
952360229
319711305
814980296
128839899
463403910
591453763
587702972
173783609
804627217
232544224
104288439
432603087
976742137
703025898
380779714
870867086
878797252
191684347
118180372
802408843
36178425
237496343
668389110
64308620
692704180
312920669
519342057
807819132
159974547
695388106
370582251
938385435
916467479
403902960
367307937
624554704
261591755
40185966
858966650
9986401
11207857
946132241
112934043
197204032
181744871
794052355
718889724
40178956
268893215
138587813
948585028
235398048
450499086
893939148
448195501
219326823
322700346
922046132
751685307
240591663
250616932
478174607
789114023
49321078
211406836
514476684
325005335
989415512
706078016
977664269
666279303
625985875
446797662
676120057
217339131
648047068
789914640
946700830
690473080
218588379
917572290
617843163
733111456
431640207
750172011
408820413
177990976
454287454
888741572
74682290
254400021
946718809
176496125
24001277
702766769
49578769
374022470
109891862
306675191
23709967
70835456
797518464
531954930
372073986
987514066
293954256
859329268
720384951
690948773
695741571
165834704
408536041
710656402
678699251
677244970
154603145
291800977
929354535
284577498
953936519
16969271
643151055
938499957
136194732
805007389
216241498
37285201
518781182
168604184
478000045
417962768
333268585
220730997
600262896
101569230
143891985
474750349
740309948
126072508
45157352
849317376
162563151
11579498
411441915
126915269
990721595
319619192
115293299
20068746
352597646
841498167
146053044
985253666
214970257
747826126
451975396
683022809
625534954
271896843
27381142
385298514
113992524
228434242
36531073
452901412
427273993
209444575
922880785
994822377
273347629
586050484
785245813
649773031
580179290
920659631
840691632
43473638
335583804
677166781
447098714
3334275
253548016
664537893
915974353
981467389
301110052
534502495
488950989
222067041
776422020
182188344
443251975
724222306
363263208
702385225
823120406
804035588
652756643
382334892
832806857
143983700
20327483
450721267
331902129
251681241
163404385
808004757
216256641
951330494
260342479
667918164
839401555
736852240
343708667
660724126
225583658
216506892
613600295
125032321
686166480
412293458
925650656
652579069
968162107
360901352
960652839
700887195
764728558
317245776
933553941
122709568
796105577
733072442
839718928
899289768
399758407
569456826
4755172
238691263
937227538
985423299
521716458
602519386
906016004
156253320
990099947
58095475
836842244
964009265
971468188
431028356
174185532
910528244
229249563
572721165
991578830
140742700
71776828
707306890
136094889
837084720
799018827
431960257
558381417
392251180
901412708
115860481
241344672
763553958
24114930
608581298
374680892
335908882
391317618
373570504
396108070
633984317
44553467
730611471
119426544
31717377
449649106
127277925
378631908
868547775
618443029
455964605
794076732
233323928
969022684
530283498
250817431
10885322
506143514
761924388
368643597
172569637
294194972
819969077
177361759
413431228
152547692
392442488
433884516
655932899
219363664
334760296
751392664
229835290
584252386
196127939
389328311
660729932
129495846
251671822
317929518
251446908
319384364
488681194
546103673
49740320
189201253
928400198
589805193
788732234
254823436
828785537
2752278
15039840
426383239
158590956
141830505
400200689
169009249
578565521
613888915
756950080
329414612
356672906
326988115
737334031
553624607
124408300
345027295
531820472
854737675
903208515
613887530
51277618
344488339
111592482
39414154
700948061
77779014
772189252
354281708
678133447
409449577
902953715
911554079
465140427
778457033
452825041
305111535
725025579
497825719
443240644
370201165
354746163
574992949
958465044
20710683
896726526
402313595
175800527
222642257
322971223
296475746
178103527
1713688
77257972
326422210
536914163
81079712
193820633
36747795
972379820
429999782
411240474
332943816
360477753
743435671
329726301
430108643
921318668
381275501
762411815
7691835
951743529
943584576
443058379
98025224
120628444
362839517
261641575
334794436
46195368
29320950
878307033
174642290
294020225
266861231
456403013
198166398
436797953
676925389
448777381
619001444
432996952
629925922
892830936
405342405
366606337
348892623
855163572
683965549
771676361
998091252
521457164
272082214
320243804
358099739
909060040
216597
874810493
354348733
181941651
168791807
783337546
344191411
653507269
853355694
172121202
998658120
750320848
967209791
404014889
406292712
377166244
39110687
942837774
199489492
763253589
475959470
721496977
129915050
27356780
405873937
333599674
217202392
61350463
156569703
573378500
383428512
724432195
168134839
45122811
564928037
874969088
38532108
12501323
218299075
580599560
491774033
411679761
896509030
387546366
395427391
442152121
71972706
256354070
793941174
801777571
197181255
863436492
966683577
101264886
733377398
376740657
640935105
303322928
161737569
278086953
440755943
929045448
441468201
982628064
48103413
508656160
355703133
746117456
192775939
591203251
671801984
931385216
42270859
207053724
76481617
204548649
645277239
161647100
330610088
227949012
202017650
298452861
826523782
830704205
385352055
607157221
835830533
621759627
388583024
388859504
902299005
333287120
820823865
767354521
943331352
551288949
7031061
21667268
321533826
494270356
299707810
625235487
982426996
148019247
608407371
603308547
727133425
789681543
129332495
615077016
641179104
870977071
191261301
135262686
547629693
266995705
970102195
166808347
242514193
376596997
29474381
387843192
567723624
489211760
863980548
70487539
951937384
860116606
851578573
716773907
279680970
237410454
924727831
591974143
708995264
814977173
126368041
968521644
841335218
355451909
89547101
662290139
628549022
608445757
2710017
701843443
838427972
478850682
597805671
454476284
503245545
798296354
229258663
454703070
959038496
497648118
391403660
376461670
41188911
517783278
234362693
413400950
740325927
370907087
419548049
204116577
437612047
946676043
898566054
621940536
233978546
243174303
748529585
469456904
572788557
383677515
963139383
348003926
713267649
115322298
661005673
194822604
701048608
837409800
231452733
583061614
210416963
579169280
988152271
68398537
435466191
368361369
787596863
494386652
70736084
297819127
858897928
651340026
741449755
990105545
653184557
595178971
569192211
855347547
439380476
810630150
617552970
897811893
953038571
552268829
170970451
938488083
409134823
900581877
721272692
378272548
311702089
102472287
717096827
915444502
687476958
318819028
382536041
85310466
702639348
970165086
342452562
727311395
30356405
336546176
80274377
589070570
590739474
53663586
474758553
472618475
848411934
31696751
257513190
901890459
5467437
92218939
328803183
777861398
402799054
594421837
670282292
488393063
448652834
406718205
946417002
941092021
814257634
13540591
634569456
886748222
573175145
151466392
142614684
489970865
998024277
550569546
914867579
861569993
397084242
618484714
349003158
892453394
778024334
94301464
752765194
68926391
299426853
379224672
527926538
331914312
125659284
622308235
376031524
29677061
128862737
98980639
299172097
919915072
299716779
193825239
868554001
467577865
521785408
835389067
243306795
65462436
801892169
788268128
673881442
384478585
347904365
749883292
236299314
14765989
318632212
543366824
461259916
606488013
709613374
668595464
257540846
302390997
210829021
862895421
773553260
329084366
454537994
657212362
24239806
182065430
373810821
746163156
800291583
889507066
716613660
42894874
425577439
568774683
247661744
919858920
31793367
464499271
421425879
398587283
333179822
588996505
868333473
493088703
390314071
946071382
559262646
456774722
879121749
511721131
862976015
4416835
21730356
629056724
203819850
851780639
118107700
575917489
184075281
191045058
970083816
748842869
599007721
572947037
609118313
291501441
148334310
475087289
960810599
822336507
642689180
304147915
26550424
12266158
126957583
15479415
631196747
729617089
823663834
48553330
510100387
706654378
203667432
633584652
406688840
58081128
725980490
167474596
669390127
499483822
907447973
227954795
149586351
428109413
18260778
936152637
576027468
664112181
643933321
243886685
11439945
993059755
179865375
502418054
945653143
652416687
644660073
812741815
619327895
876199736
601719896
127202336
248190199
427757858
346526200
244397672
109086863
110277460
966050946
765869056
397000175
748361705
134228212
159574393
928517216
189359426
349698889
473515227
565808867
809081904
540699489
539906935
539437718
672213588
859480300
227439251
169489489
164451867
436484573
863599249
697298533
585844702
314911178
915843021
423565451
440730646
179282584
50049139
368067545
574455155
810791297
463771113
870902233
875102874
707231454
969503388
67233431
201083199
8826747
10727737
224195940
437970718
145393640
40825494
851034295
342003847
343921592
76482538
968591536
532744613
967911507
258472509
213087615
40596756
55597902
973721280
555847866
150863082
12972314
109283952
663673425
139044662
641345403
957646971
491779815
473811807
586935408
769006112
381094534
879643956
174795755
684278777
754331091
360888376
746395966
698501355
121733164
475275263
756001945
413327795
680760907
848219021
618782464
535904241
372929051
592023130
765056655
563658443
973728062
269767506
397133056
14296388
118624175
837181471
624073502
642780844
451690600
620664816
53296802
95416291
6920909
501926321
540782885
544590064
799304774
229638670
725959840
234229520
246934065
188466475
699385654
670883666
92468533
602076807
110962431
420784580
298259956
339441795
628801926
57403686
125410476
364833851
703973521
138339646
303185109
184032102
62560163
635417780
266265218
761471501
946691505
73963450
859022508
286920138
197299992
719918369
466118046
340943917
769216718
745616848
885711661
541716043
494460502
111751811
44246984
907738984
289815218
361604282
206390384
559298488
504995822
805881844
353854627
477332333
646557778
451509339
409481722
42288027
566108443
23150272
956779217
477782680
751522778
552099296
79830206
157483924
58723326
767942838
838730464
201387053
943709831
675680781
662115672
140689738
145127087
832427453
92207176
610988364
55627975
8788858
311026397
214359760
725336321
991348852
449487708
948375286
81104665
942691903
986387139
80004432
354813857
28785374
508733311
852993223
991849275
977099448
465974131
493363506
799189309
857445836
126902147
85051148
722722116
933966446
758367646
63984996
804716726
660439371
362818894
109043727
590808925
993442259
690280715
320275767
65648487
320918914
67710950
535082794
575817147
723756637
406806922
147782425
691385234
805982617
16797758
679544549
39935035
980681378
388940281
643535994
212688463
178441805
641488023
966629921
567204903
101653380
956515778
190865669
853840702
991352113
361777867
221859311
262680940
531243851
108722266
388907912
86501926
806873443
536158103
478941875
546776349
647433282
614488301
15865958
196692020
280652374
29229446
62383438
238920052
703320139
265112339
953661804
359993954
499632691
813473880
592021311
508054190
576501023
458390552
858067658
952106498
518817950
585832602
408401546
908333913
820508173
240120662
837483038
461806154
874770701
421689979
647897032
127345820
656391873
211245292
622820483
539900972
780499082
381902013
987116310
775765799
894459396
609959017
332599824
426709862
928331218
373636963
393092494
818490501
27173750
410262026
696913223
887696237
527331191
475392082
500338346
832128037
132840975
515327603
226150646
8593376
676522196
983401979
217218463
98203603
301561251
928535356
650679631
744660371
602459547
632717052
828519446
523140615
177028907
459647357
587016640
57867970
226416688
877641173
10055757
126791340
198124705
348554543
983220176
236230735
196641293
114729748
344248175
149227966
939741941
7672654
594894235
802346617
909278045
601411402
67691088
889400214
381040504
386568003
559076291
812315065
707084901
122025449
315834332
957721198
638543419
392944360
599129390
666472748
382616871
76854121
909132153
380912867
472574640
191631108
506181685
293056858
586907856
562238486
96526667
292376051
972140817
364308200
459178787
39939776
310754340
618112244
309657447
980753960
922055024
805324740
319257158
171491160
267905065
222749752
127888986
54954575
184126763
106510400
614895270
365306848
654541548
227024896
626267108
963822780
505573749
155569064
813665654
82744930
857148973
50828444
947549353
32555105
58533153
638557519
224311691
610683487
514105443
615465672
273974551
331151816
887361600
777418375
322019923
650026806
160208575
604251861
496361078
338935328
655312295
835884807
361796648
889200512
726437402
154655665
867199197
111385622
575272386
558555565
340940183
490952416
766668815
593715926
652252344
724019105
466200975
813316758
583368517
458583257
873047737
483994187
563625737
642358194
485582068
417671453
146907514
556667262
19841636
416248791
906502221
805874010
48366427
129594125
421231099
989836413
111172595
43083039
386169320
350928335
113319627
544657752
818857184
465285104
776752078
513548572
511736195
230785378
761500192
135073578
502595752
792406127
473734586
999539374
44765080
734903959
364486501
106636952
822104290
266830910
131586552
495766507
787380856
451203701
507454984
337184982
181412401
814248247
19603337
344059193
41816611
513251757
58169023
127078175
626544726
687936462
169454547
106837872
813218864
96270559
373956257
793092387
919660481
601506616
934353417
459374283
53111468
509748376
601637264
462165699
1709419
363791929
364451760
750081648
982148944
10701825
603650713
723054604
966876940
212598190
117959862
456071420
375248168
679406226
523616395
788850180
649327084
282241516
586991398
668138011
896761301
620866022
807090517
170135048
119941036
123854995
994108574
89486858
213385790
436628094
327201709
775893687
775524193
151613044
960839137
387684638
802549486
522519843
549958104
551831374
63895697
559370310
813363216
27368650
293626964
992092023
780183295
929073726
386822047
705058310
482294702
575344267
141308630
529960976
318882394
826422779
668988460
554485660
352612155
604232418
749550884
95722344
188920110
709294845
89208319
282826115
105187728
102221994
844136717
870140414
478678582
664303466
312572981
10124752
696756266
661685722
261146247
764594445
497690283
872570788
267686547
171219395
706804612
21560576
855876496
144057123
618734976
774921142
883085688
480359149
537340234
483996825
44899705
421585016
753522660
217604158
334308754
639742021
542708147
749262436
537521357
143505084
670985442
389906527
538780834
925067405
158385030
855184258
617093283
777013872
619610920
973875161
443276543
266528244
963213295
909018573
344218760
409895395
866259904
703433825
692000071
668285988
680158600
305332766
640818014
163782417
676682615
629998723
999457232
803123731
355731932
943225654
128291008
843333422
539325857
547990485
35025369
990212269
718249645
81538252
609078168
204704077
95607101
455345006
443128438
29249400
60269337
709860768
449216317
830401139
591151538
728451674
826254553
927627942
156737440
479463728
295669832
701814163
598762942
826174291
980149354
843282751
991185467
871654951
766251521
493450358
78142161
444690791
674794820
759594051
194269395
735663557
833038799
781707593
227319351
166963763
722703908
408750288
243300717
438938610
631530924
481574185
801639511
997223574
871915605
685393449
787686638
744870830
559130554
302415767
692055176
404597299
183416946
824787305
926837453
424858222
634105945
20849344
383723991
539065884
511201971
107111524
384367747
256837809
826430310
79657512
128893463
728029251
689599505
72661256
400355384
514143705
689799209
325719136
533440742
560048933
996469179
385018569
621189365
216371349
263544763
909293761
76275505
171482768
831602631
964355900
419852302
629434045
293692599
391782430
621291632
403067387
529417546
685671715
176235325
629289234
274899743
711704865
598382415
538940576
994338056
83635211
605606824
560265667
90570574
819674611
901956427
883010508
944774769
320444825
723491399
997022782
760606087
953000318
193432126
163262116
761784099
813451881
814228621
159362290
107638178
51716837
906729832
77239410
500146745
73679839
643201169
181449202
491200120
108770311
81224851
858483053
342354875
245639186
32935372
158823013
577157026
948153889
839731303
722823976
469346441
199756344
775132145
174837668
822355909
477170745
341241851
891902279
618863364
368244446
183947085
548787332
919616033
453115928
191412015
61194576
928387458
618973638
415937810
892323672
893799605
590169252
721707057
991558694
88265940
205947591
287785322
11498178
679749735
655533177
659919900
658409216
746945938
528200245
958972676
376383762
543067776
768311585
994322182
7275735
825711916
710449812
957843629
342267689
362740215
559219336
8031186
948696017
95957538
807613493
259947837
995554171
537826260
291469154
911338761
549519223
522239978
794642932
625928332
390049723
54811799
903341609
866837061
869295804
383389695
136058288
526685741
642150227
320208357
411236227
334514645
241294408
578702207
379151611
872337854
596606968
104360176
339149316
478522202
231099878
39842338
109973089
116292518
417793754
100443185
242314878
315388070
767425075
400224373
735509286
265020281
774041448
730807823
984678183
43360283
811923392
980205693
130442137
861332110
590110234
550970300
424762098
207284052
759318969
841349848
857369730
7222356
619049591
820946888
683729834
467166244
726895498
28271532
867375230
253963080
445935748
158715980
280709576
386587475
620284046
983097829
862484307
619126409
935018829
822347830
221152565
525402762
181849016
938305699
11534197
869342817
504450750
900121339
3405786
552687331
658819123
606652949
207786862
844635161
193297442
51954600
533805574
672248283
143388037
351671831
388972135
359169615
285894462
608846354
949420388
644663133
922892237
585459129
922877182
837742455
119277424
38280184
297725987
119758895
997332119
63734140
424954140
788035846
261312726
764933570
451000546
462295705
530796054
862298414
415526027
438047764
371786652
785630805
905461758
657214212
246269518
922425693
767992399
961345354
53999061
155827302
424209216
607121258
352961984
407388404
684115385
496992400
7913828
427829022
600647101
202545190
438830144
464528666
466580231
638350824
580161969
203260610
224049276
126670023
183405958
380816664
896391638
695060123
444446933
368644045
561803745
168143104
734145357
610658526
9822607
81077798
200283464
213455346
72784090
939560793
219683206
532302353
694407530
769206647
486956909
497063166
108460769
973835446
6193850
792383952
100393031
144049654
613694341
330262764
253020546
247289803
547642241
56384202
245333831
27187011
566310903
403260591
882765623
544959281
304951012
555305667
832386482
23017041
183280712
811874846
718577244
541072236
402477808
238425940
721168121
457187160
798152738
6451107
29152099
501628462
506500728
638370005
593020328
616844039
804063293
609132826
785621962
509639223
375177492
524841335
901729453
829102623
982468336
323933820
557723476
651276948
25781999
725979843
280477350
229633492
992488737
382583388
908789317
26622010
129347646
178680190
826190046
238177269
956678078
325201403
933371763
353084520
784101239
104414526
487272179
106617154
513091424
28857853
2404328
994084776
241577535
937020783
16723317
847303472
222805772
12451927
344312926
358521867
757515798
725853960
558146722
498377953
261863286
996677554
593398576
201431189
912619754
781342186
458355004
993653285
556264967
426623706
918928793
462973610
912651474
836728746
654130106
328712491
396637489
73446211
747539288
23089520
872852526
515626940
612193368
344455765
933713362
787771451
814578548
481365547
324990358
695917100
63353842
360397691
658978868
665184056
443140984
112053238
857007450
432514524
559392335
80963827
340394947
731883196
392310977
911580334
531166029
506582295
471222833
50157402
644774164
981596708
745543577
510820585
279274506
72771715
850484465
356670984
254032296
730262956
764080677
732787710
515129905
252545609
400693687
401772980
504071750
813567091
883816877
175121048
850721123
107143998
191363926
546498843
956376211
616234246
579869425
687738119
704894439
229790445
472637490
595313823
249767086
755646268
346235047
445765363
345572450
380125928
519162390
971245956
673495997
442400925
268190217
40169995
380759552
886289949
767403561
278015887
703475285
753307175
586003837
684582494
781011899
411710753
675647418
776141558
675845130
744949472
390804644
828492508
660944028
678208952
515998921
671035336
571375840
318968496
850121484
652759239
954928031
829335806
650272752
421524427
892865236
357643960
477743056
704321787
452263448
474696626
282659778
642350970
115957703
509787424
845114435
459237047
386756351
374571289
828757202
568247449
200114017
380937014
550354593
120010908
968339062
287281104
792010885
325108096
507995438
51905754
85078448
329761590
584153471
149459288
786189879
545258261
606592960
514189157
11886831
13142749
646552456
839291923
585798160
882973636
126376602
573927490
47787111
618577673
87761143
859405744
207015519
355623687
97154457
902025701
392029293
833492581
736444792
325632102
478166510
784950561
642908833
602984233
723211251
739440367
72124616
230762296
740167466
155112234
430121380
138908223
556254413
274624550
247631806
640329409
92098297
160463624
27082339
102448369
624952478
908418662
826529570
440596780
147352574
482351361
330312902
603091484
515044106
156117795
105678804
501213652
64976108
322958702
560797612
733177700
965935448
168902005
124737610
573864819
858635513
416263146
347870367
974718152
586731878
759530341
342883764
520523323
555608486
613046645
516763215
540816305
217797989
144443351
984052114
87216250
503750629
224933103
848932087
201851713
255973213
727685989
841384989
744305177
331154726
838528195
849524194
382457201
5094844
441778269
103163900
2038463
813049857
872325061
690443328
126255812
955335341
565438188
495968921
556320299
766585292
705121602
305431309
851372748
238528749
977994465
986885516
472470496
796740784
731613969
275674514
636945410
663730643
898960234
488616612
48941350
314667725
859301648
277576785
919179788
830091590
506666750
52426010
575825945
899353461
784405744
387631557
674935327
908275479
762799627
404771368
159055087
11414020
961960212
988157681
690150148
630022828
886263452
630708403
485625572
662943194
25778904
242851623
250435747
709241731
646130064
569441810
908559409
505745044
974888878
358306627
576785647
372658128
98827649
650206677
278256248
132275206
982564092
135893750
666179993
435775590
863443798
843906162
123983843
729934344
791946802
198781721
749754616
996508858
415125036
54771768
335558215
47006257
447248112
970537021
202490512
265719585
469439772
671597435
849256222
789932328
387327534
679018121
130025258
485739531
403280592
381804183
536945138
79309984
83912921
964933938
829295338
88479126
225575626
452887190
483140670
42805263
961368128
117260866
643102582
975812412
835768693
308542075
221133943
34911906
165466778
345737867
740920767
849703933
321762496
947081517
316600986
342919183
873277814
742875174
221046648
283737268
144034894
868171686
527453012
744986704
875627887
180378132
102714407
705353158
296178246
457979840
909775441
530411657
976465680
183139225
302290207
371145700
100641700
759534922
742450721
935553356
265542959
468093173
12579082
984553723
943061471
413402170
267912557
615477660
110075426
205786785
99174518
688315881
652402804
477992219
701616313
994689327
764733924
462207673
267895615
231483329
485124021
904368344
458187998
657724257
909415098
115769390
389008079
762755764
573681532
426422619
639389544
522317265
256043477
843673807
174354084
493894289
532954319
353314359
369088049
231659225
849317385
169901582
739309122
485417624
267326108
941236041
46369164
912415354
747903255
918066241
233014521
519549791
594613216
599582967
247807632
520507418
134525218
934270809
512530873
909780795
758673601
510529587
312694781
497011036
87322629
435931262
634053861
217406862
870438967
856308901
341967176
17985590
271349205
596743994
177595060
370234755
99437305
417550099
307300201
212791408
991159781
59506290
162552195
640585183
387158551
898539136
989393116
122273119
713234112
251069105
168960381
328609002
22255554
805788273
490175817
234835179
296352160
318780643
330177529
632117015
372716154
790383926
343798569
703502365
758639906
354537896
455485767
269416679
413706207
297039751
899181128
360409247
460207809
92272160
671167286
757548961
223761825
440435535
765179013
164656243
29519129
601310698
856613910
399335986
647353116
81752299
833254951
487379338
422322800
258510710
178938448
326568479
865923389
600217557
868474906
977354456
832509170
263045721
143399544
741245287
952199209
265266172
435055019
337705895
577007185
620017874
261088217
792069311
750514288
64269457
35885397
596218394
270182587
965438918
812889872
138755355
486829520
386452601
960824646
59425967
706145051
772380245
717688174
270598450
973628334
476843419
917592092
827710961
948156390
869425543
974287985
355095502
389752523
538949354
270982943
978644317
474325345
797693282
449010928
272331500
383176807
631539085
704164760
134749168
24784437
545246523
238324174
402888675
52615181
116897580
736051737
191632235
316341013
433591318
20935909
818838292
257943326
653088137
11798005
559762919
650801409
599700688
634484815
508902123
38091792
715223955
144426747
945416751
723371943
212040795
371438686
389692381
686346076
24905066
10274358
72403390
724685397
892466360
541337770
654010948
547887759
503555870
259924345
442759849
464595323
514126508
369345665
175079061
899315727
486125931
131499137
279665301
794065836
390354393
229888321
175039398
167638143
382994069
584785411
517928770
695360355
37913824
454880351
467882039
345803434
615229303
619783671
382283940
975601322
112329939
16046797
883339256
635281435
106811819
566038377
542536096
425803161
270139526
304388101
215924493
723576779
203942235
270679997
597677349
990529001
786203441
980018631
919052866
408568951
820320669
78018715
624496384
904676490
75248716
11028469
316743956
318273041
944975668
615819993
771750797
945256564
681233403
601515509
16570270
644681777
297208666
863113182
995466962
692115076
733734432
77379406
834368856
812723230
590697978
168481131
505977779
865265890
9799782
51804059
833103393
658038172
701631081
230365077
445318544
48832420
411610772
688606356
950537217
525245482
101219549
126171967
401092284
640491897
723791206
165972076
699098644
985401443
985489953
841298672
470577826
530327147
661302691
437468591
801143629
283059134
361018406
68227594
369883388
646654223
186010289
130674519
100368082
607281150
263581052
225598361
156196292
788127817
252895353
826380836
132724579
275095680
935529373
122875538
610392925
695735004
90895912
420140054
939525555
736884724
771987436
216091865
202552488
675577957
15859589
98910467
65300261
625316477
506197290
262449581
33569413
871489062
623607176
812858077
407981499
598525966
738986394
647596464
879996106
69110453
794869116
548594366
401645903
759874449
846901475
993976391
59442115
608475315
372866981
402122748
136156833
197005328
963599734
113235188
378838931
860856425
358376700
801898480
945257038
569993370
663503774
906231007
482177444
529950814
857161452
564387043
194524244
725494815
342258556
524205099
805099994
829071571
162191283
891789415
943139723
986919057
860422698
27314131
888033460
796105881
211822539
366518980
121835398
931036720
284600398
565822477
349453490
36143091
213513018
539406375
922220246
328966293
465007638
933709112
838249411
217804237
213233054
110256491
619437898
693296991
596568104
202607213
973914642
575898414
423330482
897389882
43357486
198760658
974031347
800463155
601696534
483467341
875164263
967601971
674452208
757131259
425833381
383325499
638824085
482542676
753075300
954797591
926024986
888476424
20248416
565175314
812407262
895448867
54250156
719767105
574636634
654185698
400533216
267753158
684307526
504192055
510621786
331749152
7359726
123668560
296192352
49683456
642864253
826618507
356237279
208428881
708540108
273012447
341398999
750248607
940259776
595799237
276140179
987553154
671306227
899246439
396589594
275961680
719641537
138575499
538034921
285220732
296942351
721034600
932893132
798492872
599133071
774725324
993728485
104172433
464175546
950947249
696467912
745999103
10083858
689934700
69366287
561021451
600728396
280292344
901329059
103217504
757667463
629936426
596092787
75978472
478383751
841416444
992207685
454954289
695595389
913674961
674704589
453412824
769325404
346592416
588574168
94242336
67789582
26163712
73512486
986790146
204294446
684165888
19425383
927640674
875109679
217804578
332202249
534904266
967607201
793013926
879418836
633933680
484457393
150788377
778246793
531832766
529524564
358031401
954308167
983627680
188158051
612346749
834226016
886677333
613044782
473503685
359465479
596226485
103605521
419111
100353278
506889117
917426011
929189244
29476070
716641868
469271227
203389308
276924866
68176233
507456836
918930003
324097577
755994594
379087760
235004787
113323810
768025734
313982274
854118118
914228640
147654991
420430617
319628521
90895813
926091614
843369202
609290736
583964834
446751395
611474237
170581376
875105112
904340297
28946934
645208209
378833890
709200504
858369271
697329968
937806580
991115015
576459518
617858827
352226681
342013919
952337514
185131092
145688447
145628265
750251266
967771186
366419161
100290708
548730488
699062916
715324133
88395848
171113765
406590063
682927356
952785513
454602446
482711439
356602535
310699199
92886447
553236078
473766581
455879032
901027898
851550060
545934742
984445966
456005986
568780899
685389487
828907813
513356911
222137101
851564364
578105826
898130521
736952147
633030593
258176422
37909693
442331527
621486451
210966066
4352596
606654099
86706946
608706001
865443036
394151784
317018955
531406617
613846451
502607760
129153057
163199053
693079490
821826861
700534803
252606511
424150130
877942762
735523144
122863059
941743089
320672238
63157765
9554812
704911779
989349759
507718345
42437930
66048009
739669165
681812884
808210435
225894066
999402828
63263667
689985978
361438066
205162764
635315160
70911091
753992373
805584353
113930781
624203869
43724969
313268937
799284688
370596163
485256720
584515549
345720563
484873622
34160097
552599552
582787479
43738495
970621738
631748090
939046071
987739524
71834056
356074091
234837462
767975383
271017028
670083086
709177418
665214497
511573371
311558859
770426741
441483642
356186564
984846693
339325815
914186481
298801189
782855772
917096857
508930863
61294028
5338508
412554840
576881626
240317006
96057068
937613604
131953672
533922918
932294730
532069880
131370801
200992556
742021724
8611263
127504449
809577341
129828426
407562794
263888211
193457139
702970390
362471334
751210737
431516331
795219308
120253150
773355859
480695851
547279099
32594219
763201201
728366198
874961840
929253871
596750161
630518681
858594411
468790090
154924459
904243971
213487483
983001350
512713353
777423169
598481269
562188892
852799693
114271345
523164867
894931512
951697602
762873147
261970269
580323465
420425547
647034584
117962440
179015260
159856862
25116055
949147636
618883768
108627523
760376678
118554150
666261867
888168660
466903972
233419244
813942384
944448212
813701408
871569255
407272036
344690887
563640770
813906516
633452374
754191590
282074190
473805664
934885821
551423089
313036711
786420506
901164884
761665199
611519533
368419523
791787436
151759563
868347194
592471575
755873841
284017870
839463088
43948497
688710662
726511017
267520596
667826908
770977998
566312136
849032592
741342719
925395893
218998239
713042365
506843081
281825611
229847202
634966882
901237966
915065665
155470355
960422507
76806070
37602168
240253100
947307117
230637221
165171687
862335025
969416851
225680536
896917302
208014865
876685222
391699709
303461271
966883408
263850689
796442871
970251647
865471308
296410651
227957295
419118337
128904747
195942432
969496634
850806802
337552715
531468624
644749212
431164226
467432448
508871511
726501083
155300604
799775837
429983757
229775412
187995145
549396003
724985549
481220341
673866392
804816277
830447793
835054243
843309276
428064328
879645200
821145513
756769486
196009748
60493161
404360316
118318905
799655969
719299394
359277050
834971241
24325127
552412657
60289392
217737000
751545167
334255994
58073581
333598975
220693404
77857810
967230895
504531513
805785355
419560705
19296524
763931865
570153682
615128850
816799174
190819853
232122253
208139302
488424437
85043793
497370790
681620366
837451131
982100979
178525418
824029619
890262340
448193250
861961418
929448007
864359566
970643872
513238285
854200531
766078175
586661518
211999173
416971955
624210455
23632802
223979792
687272508
280544120
832245972
29380614
294880434
295088540
317248417
982994891
217041296
58304532
938140041
847314538
619101115
198013110
215680447
950780359
996584447
803336771
764151358
412049984
566069490
935732733
405977605
955416113
18165310
601906916
631719724
271749853
629794133
431653880
395817591
822006470
710996681
873416844
225453278
654653013
854857139
197641294
186425259
788357752
518139766
520847023
516801789
48642497
269474635
332704825
289786245
838754594
659665305
683606710
70528134
350015548
173665457
255443822
307027789
403207544
321130867
286455483
164052058
430235210
13986061
497650512
629853480
994456266
887368813
579143645
570686398
827023828
402902950
199853166
25378795
601597372
205797737
827569942
118904188
432744467
384746457
774175450
668042049
84337438
307502172
696134859
663172779
543375169
953971524
319171426
263763785
709858870
449177514
759848943
886339978
26886325
360872889
432256825
916818420
846122969
378158109
469443598
195737971
749629263
187728996
498641324
427197440
446580031
274208630
404591238
412507768
541737553
98994527
639659572
952091683
949166946
873829877
384692034
744553752
303161806
698794136
479052227
872526992
756104527
75292107
210389156
96814630
201442096
686655554
262087282
262514076
883430372
308429571
198074062
91644843
208041951
466863925
124858443
90428427
128057829
493641445
443263862
80133847
532907646
984265157
671817491
887625669
988874061
112366336
447071414
966500319
356199957
636477646
72012663
742922572
860834826
874070271
797010451
469721456
493032175
588086310
38517345
982275133
600095608
563310688
777748053
904988246
695813411
488396195
916370209
795656182
50482389
274083831
495898229
687711371
928532059
946847108
482539284
700891975
850241950
181372780
423028794
574822320
637397313
754389205
105327590
455281730
708535764
852966178
760189996
251299703
183804298
883139545
529475715
383133345
80431752
527320235
79883157
660420197
917514960
821356460
730092818
495142126
440041949
748862445
612920648
874319403
105128510
618755047
14727244
168192453
896613743
1651174
532673611
515219152
91033899
177660968
908072807
266287436
577246034
608989613
505843921
941513251
8997064
77197620
611578091
685197558
981198832
753110155
35327508
245938966
457875182
716098833
301623538
989459787
958002660
422519038
810547819
274587689
139552147
766675323
373288958
726932656
842584097
907708993
355413700
557958879
13051523
731985897
274122418
947785024
427120989
386087894
842107823
690935591
778949257
899014118
31891077
471871348
318411204
849025323
533523171
303921122
960028571
479651494
775732676
387875894
304126869
801459427
315659890
829152153
479100227
794668516
130199360
369846275
36052495
523582255
309707016
122668017
830596124
819114500
135806973
742236530
767398740
925486201
703907247
27942424
244998289
135323078
441558860
957247087
643444704
821213323
125487530
422015067
45654703
289971140
473119881
244289989
766354447
979791748
92244371
605777681
435137683
715190258
236201994
395235165
459312501
593851201
571994093
131882835
685445309
831304550
669945707
646812387
623902738
616725801
134672794
111752847
398807033
26674152
39797763
16984322
806757113
423505244
305311543
391644056
625688491
796928142
817422294
711409286
51766997
507690527
272664361
551096573
100686900
711528826
270566084
144009297
751496105
199389557
852503510
384292400
824895615
863850383
676649219
301306691
728254991
677303083
701112677
655989788
744224680
658635070
168354862
18704427
629791352
242850723
273574921
496351019
935188014
174424594
384722724
622257673
455807059
632700022
557367510
58192212
878713954
948339776
441649977
977304872
521837155
548159041
475834837
170128453
589224806
131266725
953818458
475260411
683924564
594241486
657591326
437553948
176816473
723933591
551719810
918385955
199929715
112993632
629613674
358671587
686129940
934465075
714273890
377171200
612266778
744452767
659225687
915988658
345012426
948750953
454266926
910756663
290664477
342095468
814683889
838464062
215794277
307609960
507822978
958800833
704916953
980680489
619947887
517510983
766254793
798608116
771915729
159609614
640469587
369599700
965715585
429985289
486112138
665615452
476676046
438459349
229256704
505699631
388083090
312842021
800021523
779907400
202124098
348663373
193885609
412867787
332352574
86473346
535618700
286547846
122092276
327735105
162513210
472217093
809214690
110924318
448812488
601428981
193064775
461802489
3756290
451136826
249373299
210389564
490264543
839704117
848917061
954510019
887234056
716443302
898843477
367319164
568209544
927414773
294259001
151954798
450764596
672206284
272368370
847740949
755034767
118968093
349921033
243444321
209559871
426984134
217707754
883587023
793428430
936092685
743921791
647054648
442333697
223695481
112806818
965319196
400078692
329685408
698849024
553090858
404848916
676559496
43461239
692205786
330537386
562138648
997891003
259147795
71039216
207005641
109251310
695572187
523100188
653619314
372140288
692304463
191635914
248075109
401127165
156336964
159209927
150430163
205790113
846816125
772367935
936224585
865272219
191869520
199210305
590288074
187599798
510936080
674886665
91074034
831531981
368053503
220245698
50319548
32171327
545676275
593385849
575785009
495923296
393811953
487166934
950481725
241808082
384549899
414976029
375233990
389049575
163345511
928012760
179608814
277292977
989217754
451560067
715968524
269487822
348906579
579758284
260135710
407730697
159542335
639429731
521503620
779952588
273234742
623840561
734372577
878136770
358978844
665944295
784229558
886643317
672961427
180822920
812221709
565233532
572763252
502813759
834440179
591528860
691724983
620821325
421917404
611440053
234946415
381912550
553032573
397577167
260375269
681046694
72010167
810975788
907244059
315376395
588520434
765117645
93474885
93354572
582245389
803899324
268783271
516876992
343326951
474431911
41944546
63816928
747022287
552763788
600755548
463113470
740557335
955091472
488204423
949515266
200289385
386320103
786102767
957230949
365912536
287880923
428823458
425722844
59953966
595158156
142353311
314571667
809457543
469496809
421983903
5080322
108457100
596069607
41087729
511436412
242354087
154441766
150536291
809443133
412543453
317307832
232681371
812838686
20072366
156473022
410396770
46818809
794668912
737527105
400345885
45001786
30385531
450664408
116538973
949666591
59573614
342734174
94112496
467675019
739709088
328803446
287424760
247361321
596548126
863437084
27868716
7649957
642327315
862323540
415360271
285515530
476713680
653337871
260186473
724819357
309773693
768050343
998926837
575562887
421477722
364715410
760880280
690567920
194214232
969041327
257463929
666797819
648919394
767308117
759767814
264080912
406392847
760360105
98535136
761923022
940699284
740861534
681171289
497627382
801750100
204328396
867718359
762852842
809368131
376967349
601800237
686151985
711569293
338992702
791747646
405448535
668199344
944465791
922415998
125308631
465371993
390959847
206791641
925119546
419552023
113822776
10512564
716450841
139401793
763550792
92253860
519997664
345292716
212161083
120688190
96685920
891771763
367020798
837782168
801560606
131862219
493416569
530176706
721974819
965212740
951209260
609824019
559710833
502661037
890941154
305669272
540350549
444038285
440900529
748216265
969108462
924353538
103233568
165471094
634074155
424662266
457543270
713150527
990307626
911507419
932737898
754398253
303692678
354112939
329538654
427580191
744421478
732471863
22247440
714771717
422244681
781856543
584934357
742667790
79729492
110349117
705753051
82622496
611734692
755784710
517545663
327322831
891016635
79881910
773518227
425036504
846826642
680355730
67622931
904713611
391426671
876456789
2159097
921585215
155914542
810315517
578821418
809780278
813974821
168988014
30796074
445549213
548280746
769495676
868754659
155658551
164479325
584497885
825072791
83122166
350494885
744153879
257719455
292311118
580328827
523695306
400596839
53002013
575701899
509712602
922945659
830644785
443150422
840606018
503501111
434359554
715924192
218754888
930540323
349587765
419580950
633443584
982136184
444016862
676639303
725665836
708375243
916340908
221205524
488685560
119016066
179147230
372356459
320085682
924224798
150729100
732204100
787079615
625837254
138863836
117935079
515644469
400081074
189059831
682456826
328108203
379708582
167331892
447828231
177271816
179564362
456428248
608303665
122845505
937990489
301521110
54577308
528341621
831640293
393141179
574792423
351712272
775017575
592482657
675532234
683971620
849437742
744501042
554409194
412382445
800218226
575891068
513491318
789164421
555461503
56866034
73073117
191352036
41680065
904126637
638172792
96007730
56458752
173123392
957503478
578945338
456913333
842114944
314470233
157853491
390524304
230986743
526830977
5951505
731188115
238142786
537599529
556752791
270035546
35918219
992865623
281579114
611190341
827456348
245721524
386420293
299703624
515438370
567206515
962804623
266640581
390785011
881458906
434777723
715894987
893622526
247467374
88959026
565331925
146900249
68000333
304874570
729784179
143596321
366340219
546815458
705163097
68983405
202404957
916179578
394439402
411890674
550952746
599422369
691313535
188629239
522744352
482658169
1466778
876587059
719193595
375765859
161764428
493482235
353515764
644870187
99242456
390977058
883254780
129376382
689675161
787024179
511559463
194840887
215331787
870977821
581050632
423780056
294156350
866246813
102905284
198046712
859878551
620259116
692286147
797117199
963767902
746586487
200427386
764659382
117358868
532558020
798505887
208994404
121632394
112095469
157184514
736835945
901794437
464280001
298216470
340777618
801061472
307240688
108526056
313808338
122059129
666495046
391067946
495316104
560701867
281838750
91894999
207876025
982282873
30180339
254578124
665072956
739631348
491536530
173308953
494841952
690267068
110347930
744462382
385270403
640095001
409528770
432913782
457256275
694889311
715721551
32806271
81853045
838265512
564007460
504873360
713983489
855207645
610226036
982096090
410482393
654998016
206644872
532345173
257094667
120332286
775110400
451638724
798833836
286691581
799611032
629580466
958366826
443067756
414763143
553853974
930098828
348103163
206239016
890559693
368410539
556397974
986123374
150135234
406145281
118070672
973326729
823951201
609845592
497625344
977407198
70408823
879499811
57243771
717178235
486321137
570591172
315139205
968403056
625561037
808013312
564854101
566930932
331537951
428511679
327794824
402404561
443255869
983394382
977631173
257016958
178412186
853164020
179900378
915456083
546179561
512166229
265098084
944030941
836593817
103826295
220851891
975234981
677815864
735366837
483666343
19029723
994428580
483293354
857903103
697012998
394434879
303127167
63313645
948474775
47135570
951682370
889994872
232434638
379095935
931652646
695970816
927418663
847900903
679931895
223465629
972292935
55921701
649323576
967150089
95021445
298361287
292763440
863961141
432644945
341837633
562350190
555278940
701930046
503642459
161118503
42370858
623656060
57692716
533932760
119870739
86841804
982436317
405680396
974447342
943981169
810799484
678550498
156351409
386284575
814442451
769170714
165755870
765009406
705604971
543677035
88916888
110835017
981362600
376931674
158679972
811961878
808105192
297204286
858516760
694211589
567529398
573725175
859511472
211723574
578885095
97287698
854969157
491526183
508559477
131230853
92484469
286344592
652785634
1117048
843890970
784213432
460600670
924360139
847441840
545414254
146709101
527653722
870968758
419512046
210425905
102950917
575542103
601842103
231286604
359954621
87797014
842776473
604386002
742391167
633956404
993975982
360791769
347139532
410027041
529091320
120730785
854463682
872385354
549925587
263718737
428771237
704363051
622814261
909784354
307746638
892346326
454168799
908004332
104446423
208559882
700443197
290222141
29582934
992107947
279021278
352232456
989409995
603067478
280248444
784955033
406768425
538258404
45566930
370587980
71533598
352679934
240997583
403251474
781911467
426242965
725774607
771240715
771069994
618850975
431826039
34181908
639764459
204810678
512836189
496714565
697902329
406794381
33454906
660686923
661119186
951620177
432991629
379140978
591375575
558564382
992495537
362684945
866768377
983905379
15190744
938243695
905141956
36297053
309650677
579593324
752472995
580388374
816215291
84741138
569180490
530598274
728641694
405351662
236347387
268736963
417555586
126793238
353786740
936537932
817330056
405419393
742996887
920714382
565074850
816709701
410995289
845560064
963365205
730903305
855329408
226926962
559022179
48235097
447678742
126919277
112673418
120071925
656021270
453496436
455757153
979664491
909802132
770945579
293735059
165628135
714727404
614821405
679408572
951361434
695453864
265715361
791538095
859082938
757115172
699076442
458699582
489558558
336216700
939929548
990459316
892380469
726615002
224897368
50187259
435950286
574253937
357822526
604892298
474528844
15453
339047914
655384251
135440256
578076815
652298807
973458508
305984985
231485046
178810544
714292215
779374860
744979357
146716697
363040300
492315976
804563146
877089733
688235123
381973612
5479033
510820604
880904622
907751964
427978077
648859532
559899544
60916122
562002049
378848383
678911318
648939298
148506140
286323057
240258892
649706681
154378541
67530235
289959281
189427558
10375164
533999955
834018548
877638473
809634217
3558916
124384835
366321135
40303230
652336703
755669882
11943476
712274622
917718072
868410502
918364836
508243541
60579093
746142438
800255743
346146342
169135441
992308145
342011739
866214856
346079604
656791417
659665626
721245328
118923279
809468926
316355322
149883035
549865594
601002122
419957760
658005912
691749428
396872559
942707297
530600316
839434968
449697713
509420720
569736801
597500019
695645867
528676673
692417551
684403865
206764040
344813405
130880581
986047335
325074590
692724717
264039202
796150277
658151842
571413883
601341776
610401509
89878464
359508145
479802727
883536254
146841954
933123773
478460922
736594545
637730932
530794388
594771542
61054474
491602392
761800677
704570470
236139403
362216922
104118459
90561654
406320949
691723310
545511894
635668807
274110352
843810493
68739222
277991061
706871453
252589784
629055585
302583063
814350877
583607856
617535045
436137335
937870526
966153942
919924831
573999018
37513110
868873711
667402347
989072999
416403127
864242496
580749649
655603620
709889523
532677295
187805193
537886907
105070621
235414191
18157054
215226221
144257243
762877360
888406834
326457051
432420382
876910915
491861098
788040349
798667488
785852687
388355624
738462897
856516895
602767509
431075870
717759378
983818478
597674518
873423802
251204766
566859986
546530689
687622716
778809325
568660254
245703936
825906568
294509963
321306463
792161929
244438582
567154369
610314698
298295383
290584979
145901091
244237361
778560433
172435599
343694730
890855499
761065619
268045325
977982866
649792465
54629685
345329523
651936066
23890959
967516404
751724158
808039571
577886190
472645257
740943676
511956757
156195537
213004641
47048725
2416822
748431689
82894670
66173335
448021579
694376330
869903304
761188881
1703560
193378606
315993580
391149056
841002136
994890026
42929728
19614309
385825586
439030091
383742754
542682735
829144723
348179386
128613619
955997857
981922235
581964878
123551691
731150004
811556838
814151660
55201142
981393010
759125050
156267982
702500692
59749485
252996113
947700980
360161520
511212096
977171266
965864056
410594413
641545439
965895676
987254873
147290018
984897114
180537013
827025243
952349067
614439115
876696283
832786272
574780863
730321317
369588703
317827249
515577882
172287403
870546689
738593748
915359221
155597902
700751281
52031843
937402452
905579737
908890253
716016743
697511876
549558392
833404090
494620496
119083512
97830082
441447768
623581842
630004978
169427530
260100856
10374404
793467167
922086127
509402562
232679848
366523971
104687567
495400630
678565348
354188010
916904261
696500553
774450401
728077883
925581052
170230151
934197471
113712953
752429918
803335848
970063305
534113912
64135319
509327328
394275115
828117353
241225329
671709651
194009372
116571992
732177222
563003592
249769752
223297498
895656457
217568219
749615396
394001984
404764614
999742397
331671938
58830665
46401890
698166108
60621310
385560915
378798744
667346358
838653083
15373880
153570451
857741724
294496532
471552914
439756015
549097782
958672449
161803466
437665321
825373337
146080532
337614115
597563256
605319395
458117264
325610476
807216743
872053597
674897890
527595209
870295442
419867701
48610434
939941072
291483053
627059032
208544176
708110525
832845021
529054198
207030690
558101157
644300359
886252803
527542381
763645870
221544612
572382272
54943066
522386555
938616664
950578799
119298041
942232515
500586333
427785516
802494852
237362835
309669068
952321923
996261798
769488723
68027911
119828507
176335804
942415538
600850810
921026950
162612720
570414655
985076091
972817868
387628590
179220813
527462663
164243046
273972557
849627164
427266679
279944295
166650934
388198700
193342573
632092207
485520263
738882393
154333754
111551847
645369171
474505176
632186417
709143308
354859466
173684385
972827663
245879775
827288511
704975967
803949377
522492891
444884044
969268654
2467770
570848251
47146760
788546455
97308770
149248811
491468195
386818882
448813291
526738030
147556511
527814162
435774308
523238706
804151619
413404316
942281054
410693769
877354409
838109987
507872867
120642829
286610674
940293580
761342370
161119057
979472518
121630380
276024335
826138105
544782887
384507996
230188190
980851772
404145384
985042791
267274285
259327508
2058278
155271553
310724692
762187364
317397830
874746756
444969824
316428616
309710140
781199853
804624265
754698172
515323733
23914349
40340777
8632931
378424708
567999282
159627239
427371936
762156265
454370522
533341846
567952151
937190291
712287965
48567799
117440866
293391626
177253696
39036405
142894971
385408685
742655003
726910236
378801591
47782565
418046835
153234618
773003664
269990863
232664672
588919005
282666047
236918949
245640229
717733423
279710994
702026799
423845500
375741675
233692277
607741103
896943121
985801157
36010897
793731270
714950399
950563064
540682434
902559551
912086785
251315294
912595902
558321055
13980311
125722531
512162746
963038318
530122138
123958181
225317029
50865946
851356237
599542224
394425952
122465722
103374016
246261623
991954721
462431908
324407991
708153089
8797299
599094533
627972626
798662179
821091859
9938844
773053456
737272607
946423698
699463962
930702057
314972043
888415763
532899323
156802733
828153708
628500330
17160452
616917318
100534749
487414707
957845093
780972914
883351560
51445640
447319825
17780668
91074996
855177641
872766901
661591975
781849859
485844631
49175920
613987840
230411785
484193905
903488372
613359632
815295954
311103970
185423031
842775581
965318241
817832034
361963272
380961751
329672732
244770285
206666475
923998076
463954761
104579119
559667848
364844382
241191405
189173961
660643125
435019117
601423238
129610087
116021989
482711057
775367357
11845333
609395658
688821970
969263332
1577762
635366409
681453537
162970409
507672873
251011987
745309135
498404130
118672890
272231613
854831687
278799371
736056692
488833377
145815200
660882808
236692751
3494419
489270751
989727036
910762931
621794506
198665407
872284982
619786655
943314855
608813477
598404811
255037959
170540565
640203104
379485446
202184769
38866238
831857301
42609150
58238508
233245472
419459061
853590383
214432307
19521901
944479411
171075778
287834851
298339250
816324825
642310148
218000951
413957222
899259031
803081713
647595213
728623218
388726783
573896064
939520645
826843602
234695566
313982901
471171066
752772889
973199336
257876780
325086913
699730717
178809553
144472478
667753197
834992185
110297632
539763148
34183818
641183847
550618986
363069797
825864203
560120056
658127038
585639585
479626381
613685214
280815918
264602507
379104453
671724248
650380986
864769222
301451656
260349237
317704124
78271631
247140438
922125940
976984376
488411336
525008627
580934058
307671652
70359913
988884296
604099653
531587311
446362842
179946900
300518788
771748176
572842750
303416707
804595075
439758504
762233434
655827800
460299938
477457604
13886627
156589078
418119274
693402757
10288098
28669941
938799114
999828343
146542995
837823310
420450667
390495928
29858766
994119774
486143420
361128364
169914604
895449129
970616137
851623437
351400062
972931865
596420259
400250011
592458760
84596910
945560149
613495563
224978974
997350645
632039362
60418019
8073550
237816048
667799232
197457892
401397127
679682824
914479767
318439123
790761642
626598502
49654630
163556081
54738377
723003683
946428976
947411220
217311200
741630641
2635716
762737214
102937332
902258825
674805900
988165924
896605712
175248529
132331531
813778457
25355320
208627531
146782756
179596497
667984955
786809391
450638331
803963244
766708780
679631898
375191538
8283478
948936561
520038728
380766162
864754409
67087851
111923138
878360988
600724429
298316306
321113881
41286354
266025051
788235608
903776959
761278943
625080493
951458547
805600233
237275002
12252818
209665541
612334094
650439331
644736162
312133770
4153407
518159811
34867406
55509188
260196859
49654622
949447203
328576435
138150836
628629470
247262768
182368021
411046743
660454922
386963492
909971593
72177965
813090410
939309844
768029533
938493768
989939867
15774300
421477121
218039174
634624799
871773879
107299940
349242923
201298601
205850804
688311518
843834410
89438144
442952872
417870157
327891561
473686557
299428674
40763277
409119291
440413344
955584086
659901817
291428953
27605277
306435096
590446853
186765600
874470715
420386835
492935068
534124912
162505733
851134140
633929918
166575823
137606400
428888428
953916653
428249742
319498245
756540956
937611095
217699837
369313576
292169944
823328739
801135741
980004777
988693358
593960055
204409753
902397715
657419203
625806127
337815606
940442492
10182154
59563191
382635477
530187900
2850042
476582430
416610657
999214680
894892825
29785031
552040248
202628986
668729610
935125826
402296199
509038696
694570596
655582317
648360616
453518173
933848499
37807715
260797283
596624131
558500841
399526794
492724907
691553445
782354703
394299039
315044843
997358150
805448448
129891221
595403529
837680907
625565094
784608240
231674656
495796972
546250080
438064001
333873744
677290675
869741666
976474450
293487927
635248544
419792305
608852189
47472090
419728042
962416965
77951975
175374094
300995494
180586879
157987448
430651642
119320691
279122981
964436063
409479127
387872833
928753935
729613074
690811146
871573872
685660105
378781562
975875410
410420660
802711341
464122171
491843934
787482040
841221686
955324193
502974373
875720871
51582468
827106112
767354073
476323128
23796937
934926505
294266922
617351347
814318835
130289105
237056704
987453683
380438833
180714077
920414673
569010241
56141150
466771505
276736848
419159720
116887852
184960770
569128012
110667302
947616657
44049449
901974743
197906889
520179694
673045529
861565627
396874252
68621547
555400651
331722642
176269808
896287542
796797141
518530805
426761093
62086064
507199221
313564468
743168766
118735007
833951458
87573180
953071523
720187811
148280492
286432417
939312563
909208490
835271319
256481765
639647388
974332146
396424552
705570392
242639867
246516414
905607983
162634913
309378562
132750665
616079747
174925187
669492232
25686006
334754992
812901376
317841958
800859102
687782295
216293238
375972072
627504209
344204597
489613765
687287469
436392155
122489725
219727323
162063843
602226609
680490586
654765038
272471174
56144743
11016383
10177938
74916341
386261724
592256517
589296593
422983105
877197470
135747458
618812114
685785868
979793454
205124380
554604698
738698904
874095663
603758625
882081066
844541478
352708313
999970871
977925618
12247521
54343763
723342044
892421779
828829416
304005446
642057982
985004671
734924882
873146833
61859704
947838610
455297231
8572540
589783505
834837831
147503819
245299381
943565887
186564522
231118298
813112359
712831524
568062722
559622867
666737512
142383566
460302891
572562981
392275429
744167762
544305772
853125612
461659165
325889723
436072075
332227328
63365911
944040001
302112951
496640600
282749118
197519069
581091479
106867829
525373803
321511175
359308958
460144950
587435897
630039694
468527799
893312391
518619291
137904963
603707456
162725371
175329012
981006813
892906214
581602984
466919350
948704119
304764653
878882842
145673070
111036261
869325873
410748783
686238780
653914760
576020498
482249656
545010857
396089778
451900279
753821450
31832219
164038985
521504787
678934086
772867941
873726213
67102039
34914466
780232613
898258994
182026918
637693237
800479777
563036487
47347610
70492143
48155433
444967358
696537240
513459552
744485028
920901927
112291117
934081424
641016823
766822898
608787689
951227768
235772730
335238185
214238737
637723765
828913512
810634861
567746693
25521398
301571831
444482069
236223771
899803008
850749688
661608357
767030126
187949887
304085922
778242627
984807974
633957691
526728158
472647239
441331123
410380960
301493707
869966190
640719039
582175702
271579755
355336522
576929654
767256413
996348309
18988879
656862841
621886490
976137665
753984552
569318953
526790566
499050590
536478442
839009051
678355325
363911101
190940760
281808576
16822223
677270769
672311601
467523687
891355425
301261911
190358490
227324365
561962043
813445938
331499353
205749531
655598031
264025672
866253921
170308756
138026651
5650614
61739191
558948050
115987668
580348589
612782931
106653761
817461778
243718975
553887499
349112078
887982779
769000532
425490295
450413201
213810835
783903929
603214873
912680586
589307738
808866934
255981346
156736722
884959267
884586367
5298431
312316420
960804498
636438897
390154148
748741251
172535035
34491420
624271162
342761835
813104649
494988465
53390852
56129574
535902328
645398003
415960910
728002982
657356862
983765888
782933150
565404499
798369963
647627914
137823941
58243785
956693580
43875024
750090549
756077070
871460288
706842085
786120399
130540048
377029192
690209012
66356895
660166906
311882888
585727885
86959093
618759453
887549179
449239003
441273036
978922351
969165840
736091583
656939940
629316026
253421252
878384385
554110573
464709766
973728037
91300079
274609676
571219609
127795338
442971164
16765551
146458139
26782108
875094874
519728034
983799892
356374383
84361708
667793284
922023264
412995798
128479365
557074052
786112485
468898057
602146736
485825308
222121826
367249925
185031056
832112205
157228234
886600820
753201801
284018312
721574569
447631816
504400710
656145137
229875121
927471122
361400037
35959401
340051323
854572622
748800861
877148176
794281670
500835922
785333361
901872991
965111995
228916559
884255425
352378443
898763238
443165066
832781991
769341981
623011286
526313782
733771602
345365993
260703933
382837901
561447779
500004555
925698491
385227668
274533089
547490798
439046337
286455309
622061757
948129228
349012667
387473737
327178502
627634495
618385206
27651389
963816075
407502325
22143340
595638320
621058170
659337174
460782197
719513
762477221
369454248
78609099
565526523
361485785
474960411
133303441
211180757
243031173
705865203
603841009
165306973
776515081
28473991
677118777
828288113
843648485
824966513
5914529
790220392
552439023
222329266
891482347
401946326
836402461
751484747
807062267
823226554
43245541
410549000
601452505
799162844
498288377
146229577
34368874
632962156
700961148
588681931
744479798
105178532
122893699
578147324
482457424
642716383
740445132
557237883
428419417
294469819
204003491
158950281
114195093
672657648
493245736
172161893
522987012
187295555
642451775
432816725
787556483
279289178
496052056
711670652
474568635
882516495
404942744
625048544
700035614
97673776
139424583
647736899
376091472
548991606
439549172
680488014
208918341
826807160
356922461
598217131
529786227
846842486
941755528
54259257
215509277
308683949
81316576
817495376
45925358
817187165
338156233
976700090
155033534
619833587
62601426
636897719
773461711
999880427
791867424
674608023
691538671
35945879
396715335
237146331
998769103
947033753
153120947
842173966
994332826
811880085
900014872
179063117
450510486
891733283
8572012
61558598
900159826
88877612
328296831
435678502
944258452
254787556
722035395
255521789
230201422
539836410
701410511
554824841
198428128
200295667
103083635
203237259
878646281
414213955
892703470
365373055
30340944
256572823
498135395
803826035
295850961
141094341
280237808
134315833
268322762
929901045
410629488
175338865
145390967
421528625
543881656
391899230
70076625
79266860
686400359
428813886
323762653
259968333
46561081
549035203
72485936
770050642
66921862
469897206
155431525
680203422
53674457
328825963
236853731
466091136
478257871
590709017
202903186
846277313
479159391
261543305
430660938
549833008
761496765
321297128
79735145
795785573
473702752
46983190
986180128
797470191
323354811
404502077
977931231
924612389
101345234
53526230
101524368
470608001
903057907
131106623
758244743
130744599
762533415
845168832
121263661
79259449
554024466
902319681
